13 212 275 116 234 33 221 110 179 11 258 243 42 10
6 168 162 159 246 276 260
5 54 213 63 245 79
2 34 41
9 0 225 226 232 166 83 287 181 289
13 87 88 298 197 23 114 237 48 269 131 138 47 46
6 167 65 137 285 120 288
5 85 280 257 149 173
18 184 249 282 32 102 185 271 146 89 207 20 223 264 1 49 52 77 151
2 296 53
5 180 18 57 267 247
1 216
2 108 36
5 164 80 262 97 123
5 99 8 220 150 187
5 103 72 4 286 144
1 75
4 134 219 126 186
3 259 56 169
3 7 203 133
1 148
1 294
4 299 263 261 200
5 210 188 29 28 40
10 62 141 106 12 142 100 17 297 215 256
2 24 92
3 127 178 183
1 161
4 13 16 5 205
2 136 15
4 58 96 113 278
2 95 293
1 227
3 290 155 104
1 218
3 193 74 107
3 273 2 165
1 38
1 105
3 171 204 244
3 125 198 239
6 156 117 25 70 81 292
3 19 295 68
3 60 9 211
4 44 128 241 217
4 129 254 268 236
2 21 284
1 91
2 224 279
3 39 86 253
4 277 22 147 190
2 230 158
2 174 270
2 281 231
1 214
3 172 64 233
2 202 160
1 121
6 222 191 90 119 37 194
1 50
1 157
3 122 66 228
1 14
3 82 111 69
2 26 73
2 27 199
2 209 30
2 3 76
1 170
1 163
1 195
2 61 291
1 177
2 109 206
1 6
1 140
1 101
2 283 143
5 235 118 31 229 94
4 93 255 274 175
1 201
1 98
4 124 112 192 130
2 139 135
4 248 238 153 132
2 45 252
2 35 71
3 265 208 84
1 196
2 242 176
2 51 154
1 78
2 266 240
3 250 251 272
2 55 189
2 115 67
1 152
1 145
2 182 43
1 59
