19 8703 375 5769 8329 6541 8758 6495 973 1743 9506 43 3598 7345 7240 2688 3764 3452 205 3367
10 606 6198 563 3809 6520 3698 8707 1398 421 6322
2 6831 1135
20 5860 9325 7913 5022 2493 8522 3815 3217 5418 8409 3240 7324 9069 6489 289 1374 1367 9371 2608 6595
3 9888 5235 3654
40 7499 9409 4637 8962 5885 3307 7561 2917 4948 9799 297 583 8840 4059 8204 1273 3457 5406 6901 311 207 9047 7706 7439 3332 2466 6145 1091 9590 9931 8423 9887 4129 4083 5499 6979 3983 4723 4185 4133
1 2384
7 519 4855 6115 768 4058 3149 6321
32 6663 55 8950 9283 7862 3323 4730 9755 5611 2336 9786 604 8971 5010 3662 9907 2858 8678 3649 7038 4609 5266 9551 62 1126 7828 2692 1825 1837 2583 8308 1614
5 7957 580 4586 4601 203
32 3444 9140 541 1879 8271 1794 9670 4435 2009 8640 3869 4379 48 7188 2356 1407 477 696 5858 1447 7399 3294 568 5227 1113 8783 5572 5358 7180 9852 1689 1192
32 2061 273 6807 1866 3281 7640 1105 6830 2389 3483 9945 1678 4081 3834 653 3695 1426 3728 3268 7055 1184 6217 1112 2877 7863 3238 4286 8278 9831 6087 811 2544
19 8477 7040 5598 3008 5970 9563 719 748 2334 1089 1268 7306 5638 2481 925 2638 651 8276 1546
44 3090 6456 2020 4788 6952 9084 4873 1228 2166 837 84 7956 2695 2324 6843 4877 6139 8630 8557 3236 2297 367 9404 9036 7694 5791 9891 3683 1128 3957 8797 8724 5296 4242 540 4752 2326 9198 5661 4203 7565 329 8210 7986
4 6916 3167 1833 8670
23 1776 1325 4400 9900 4775 8857 1912 9089 5532 1037 451 7378 9050 5546 7050 5363 8914 7756 8818 1404 2853 7821 6834
68 5324 5717 6706 8179 713 3025 8342 5161 8518 7229 5693 6412 3156 9393 4984 4494 6418 3667 4090 3253 3575 109 7471 2074 5954 5295 6547 3396 206 6192 3188 457 3430 7372 4836 6804 8224 9806 2401 2118 3354 9267 3317 1524 1030 6307 1218 9109 1208 6894 8946 1957 2832 687 5826 9745 3109 7358 2637 5338 7481 3189 9885 834 6933 8313 9146 5646
19 4679 9488 7895 1616 7908 8912 6671 3706 9399 5028 4922 1694 8625 7744 9189 797 3264 6 6650
32 4758 5086 8406 1651 1186 7574 1276 9487 6420 2896 4207 199 5621 5541 6058 8285 2717 8998 67 4279 4473 5180 9023 8755 2765 4280 8753 1535 5093 8200 1174 923
16 3549 9523 2869 1005 961 1978 769 8184 9708 7923 8846 7607 5843 7157 5447 8994
12 8708 474 3708 6980 237 6472 4005 6723 5423 6236 3464 1022
12 5934 5300 4150 1269 5424 2015 1083 4847 6660 4755 6690 2620
35 6689 1867 9449 3171 8709 4889 2232 8287 7868 9315 4738 2111 8255 7199 7473 2369 1080 1540 860 7127 6796 2725 1481 5075 1482 3886 9336 7154 5150 6051 9024 6676 5334 3857 5501
22 9679 24 4071 3692 5245 1305 6607 6649 7965 6160 2774 2432 113 2944 9763 971 5555 6440 9057 3460 6358 218
25 7929 372 4143 4346 9305 8731 1353 6044 4078 6767 8302 8290 567 4208 7198 2424 8262 7846 8323 8792 4387 8629 3849 1530 8967
22 3855 7319 4223 7346 8900 3516 4737 3954 4480 6022 8714 9271 9343 8467 2310 3787 8152 2210 1497 1581 2321 9396
26 3578 8077 5286 3998 3720 2795 5206 2475 8066 5354 3143 2094 4061 7983 9622 3250 2593 3741 5839 5545 4568 6721 9770 2203 6613 6439
37 3817 4618 920 1888 5445 8020 8425 7230 9544 3833 6450 933 3119 2291 2675 3621 1455 2885 3981 2884 3203 462 3499 7142 4340 4625 7871 9933 7999 4420 722 9776 3724 6748 7375 9172 3664
19 3371 2883 2642 1674 3865 3334 6168 9401 6669 8979 4084 6068 6200 9974 9306 7355 3771 6666 8047
57 117 6849 9347 3148 3640 7891 6329 5875 5654 2026 4648 8713 9286 7000 3017 8254 6327 9385 8198 9830 4863 3022 9104 5957 1628 4088 5712 4405 984 35 8614 7337 7226 977 3972 8419 2036 3906 7193 6710 6842 3116 2184 4819 7194 3231 8928 1264 8911 3292 2621 5094 174 7437 8321 8452 5604
4 6381 700 5649 2265
17 4307 3471 5192 8578 5325 804 9953 427 8216 5737 3522 2821 4927 4779 8607 7649 710
58 7401 4894 1664 1138 9579 4048 7926 1592 8976 9534 5664 8628 322 594 2088 7995 8936 1780 3823 8944 6351 5315 5277 6554 9518 7767 7578 4254 6419 3658 7332 3733 9999 3766 4545 6065 9921 1938 6895 3633 8507 9493 8369 5368 7801 401 3224 7742 4909 3719 5376 2286 5819 8001 4951 6919 7036 2627
38 6695 734 2480 881 9584 6114 5630 65 1392 2082 6181 7205 9919 4535 2903 2003 3061 1851 9853 4771 5680 7815 1157 3219 7826 1849 5272 2435 7597 9660 8096 5688 5937 2277 5889 1958 3781 6241
41 7070 2143 2422 8426 7677 8978 3773 6786 1421 6296 4154 9316 7249 1054 2663 7732 751 8523 5374 6476 2766 2393 8516 9407 1767 3847 2340 6469 3076 5747 4835 3545 2282 8525 7695 7155 9825 4960 6072 143 9910
25 9550 1385 6086 3089 5488 7027 3889 1044 5750 9243 5162 5003 432 6080 8211 9878 3229 7356 840 8123 8941 5848 4750 6997 3032
5 222 7119 6815 4214 8890
11 9675 6277 9246 9191 1984 3951 5332 9372 9519 6632 8422
8 2316 157 9514 6961 4842 7936 7023 5513
11 2559 7952 3655 6794 1227 3918 1492 7140 8158 3596 7325
39 1040 7861 2247 6424 61 8728 1515 3826 1609 615 4403 5866 8806 657 9992 524 7594 4608 9366 8813 9674 361 2354 1444 8855 999 5068 2093 3521 9153 1919 5574 8875 226 9279 784 8405 5772 4325
4 2720 6164 5189 1399
13 423 1735 1528 6039 4952 4253 1242 4391 4161 2628 2219 3742 5665
49 2735 7463 2135 9495 4455 4352 6548 9683 9930 5419 2256 3437 7076 997 547 3448 2685 7921 1632 8972 2091 9618 9578 9791 1056 9253 1730 4640 6553 6037 167 4923 4425 9032 8356 8837 6621 5048 2689 9184 6118 70 5923 9650 4332 2408 1359 3043 7700
28 3988 3103 4742 3693 445 4205 7246 6251 7785 9410 4709 4773 3765 9038 1638 1840 9778 3070 6619 2218 8470 7757 6862 8129 9718 9643 8074 6527
18 549 9346 9063 6964 6878 373 8408 3890 3187 1162 7218 6594 9210 1052 5318 8113 5253 9573
16 9216 4495 1 3602 950 9044 389 569 7367 2266 7669 9596 9446 8265 1290 3994
20 622 211 6475 5699 439 951 3614 4386 1821 8531 5585 5468 6370 6841 8474 6371 7431 1594 1287 4725
17 2986 5304 3564 6403 8048 750 3911 2071 3581 5142 7589 3254 6302 944 3287 3819 8606
4 29 2507 8682 476
23 3555 7911 8292 3138 8566 3329 2784 9768 328 499 9587 2387 2953 1915 7644 1483 7963 6341 5932 7509 9484 2926 9374
18 2576 2912 6208 5393 4910 7686 7196 2769 2694 8199 5243 2721 8081 5349 7175 8280 347 7632
7 3055 672 5381 7877 7799 585 9504
29 6228 5732 5025 9926 69 3199 9804 5516 6711 7085 3193 4492 4362 5199 2403 6837 8885 2929 2775 5290 5871 480 8145 3265 9915 8921 626 4955 9536
27 9003 3442 8274 9392 6927 7253 6737 249 6416 9362 4470 9593 5373 8872 6397 7506 6665 7881 707 1642 3218 437 7772 8980 170 3562 3346
36 1097 3743 6263 9619 187 601 1527 1206 7113 9160 6882 6769 2760 2931 5929 9221 1753 9704 214 3700 2396 9237 4265 8920 1965 9801 4187 8427 851 7721 7302 5905 743 6256 4678 9693
12 5341 7687 5218 3608 2155 5927 597 4181 3304 7228 9311 247
33 957 3453 9202 7535 8955 753 7665 4824 7573 4456 2366 2086 338 8415 2749 4712 3283 1072 1926 9112 1351 80 4210 8215 6637 8734 1329 3412 1124 1687 9663 1795 4793
12 7141 2788 9920 1949 1146 8124 8655 410 5581 2090 8947 6170
43 1209 1100 2106 381 3319 2570 378 7873 6460 5076 5021 3314 6566 2468 5708 1842 2535 5981 5259 4312 6772 3065 112 2994 3159 8513 4368 4694 9699 3916 4501 9621 8241 6860 4936 5530 5330 4603 1107 6935 6592 6889 1018
52 3030 8434 7465 1640 6765 6141 5240 665 2577 1859 4528 1163 2350 3506 7973 2127 6532 7961 878 8305 9066 9124 7084 6835 652 5618 3941 3037 8132 2629 9266 899 9567 31 2671 4861 8384 2598 8260 2592 8433 7166 56 2152 7943 59 263 6507 295 4592 8957 2755
20 6822 9752 6338 1508 9872 895 552 3482 5124 5062 6821 670 3328 9103 4654 2153 8127 1140 1087 7335
20 6466 7429 677 5440 8878 8202 6937 2676 5297 9098 5030 9905 7059 6482 9773 1288 9669 3069 8331 4846
6 5716 8559 4260 1013 5237 3539
37 2008 7152 6305 6703 6399 643 1845 6956 1985 2630 9950 1348 9226 5372 4866 3450 6806 5692 5527 1800 5039 7949 1771 202 9085 2990 1761 4218 6970 8997 8842 6790 9258 1449 8045 9342 1284
40 5018 6304 1635 6409 7666 5816 4225 6454 5503 6340 2919 1631 7746 4278 7474 1679 9592 890 7809 1289 6675 591 5270 1704 858 7470 3884 6310 3558 848 5015 504 6890 8765 3814 7664 1802 8320 6998 7496
47 9313 9180 7922 7438 4559 5679 6378 2935 4772 9785 6290 6116 5247 6262 7365 1463 2413 8438 2789 7418 2712 2965 4438 4389 1606 1370 6588 621 838 2380 9726 5800 8114 6725 562 3995 4077 3637 360 1064 6917 5471 3064 9970 5723 224 1134
23 2519 8102 3181 7684 9713 4238 1577 3479 8256 9580 73 9585 5404 3676 2196 6943 3652 4445 3677 1454 994 8543 7825
3 4525 1757 3321
19 88 4882 7928 3410 4233 4615 5428 6446 6647 8167 6896 2434 7043 3770 2702 2397 6930 1643 1855
13 2465 5137 9350 2674 570 3183 3899 9502 246 4199 4504 8095 6207
18 7109 3900 1548 9788 4151 7845 6976 8355 8056 2349 9873 4508 3942 6627 8613 9214 3850 3723
25 268 3729 5594 9672 6315 9903 5110 8117 5745 75 404 5319 9491 1793 3100 2446 5129 8092 9676 3415 9956 8089 8168 3500 5857
8 4309 2537 135 4629 7086 8348 3468 8071
43 4839 3607 7759 141 169 3721 178 523 4937 4689 5452 7749 9083 4805 8750 6442 3351 5548 414 3142 7461 8076 6813 9416 3523 1446 6320 8496 1828 5496 7360 2524 4598 192 4680 7181 258 4977 2819 9281 325 4338 1646
12 8520 7398 7704 2123 212 9469 8448 7546 6473 8440 4011 7376
6 6031 9285 7997 8853 7780 5281
17 1066 7475 4644 9445 162 503 4216 2811 3131 3303 8537 7526 2968 6259 1991 7395 2448
1 2581
26 5335 8175 6783 3696 33 3604 5410 5787 2886 5248 5811 5964 2252 3422 349 1408 1425 4126 3042 2410 1088 5720 5029 8527 5108 4241
15 1560 3580 1992 4717 3312 191 5276 8685 1366 6445 898 828 5446 4641 6453
22 7657 7808 4366 4130 9357 8018 8542 6793 5564 5074 3466 4722 2078 4248 8136 5171 5694 9894 183 6130 6505 7025
28 9256 3152 5367 1672 1361 2487 6230 7980 3179 4616 2574 8240 1739 7317 4179 5836 9260 9309 1935 770 8363 2656 3712 2880 8726 4883 4695 9937
5 6252 5056 1893 755 5578
27 741 219 1900 8310 4008 7005 9037 9570 4971 5514 9644 2164 9379 5386 9143 9420 15 7341 736 17 8140 8268 4168 1328 242 6008 5071
17 2941 2949 6101 9276 1768 6106 1309 6925 3874 2370 310 7204 9922 5322 2806 321 3975
20 4687 6274 3117 2076 2377 3451 821 3646 1480 8366 8072 366 3011 8961 5117 3242 7505 149 1316 6517
38 5497 6002 1335 1815 4377 1605 1637 9935 2357 8035 2207 8860 159 9561 3570 9073 1004 3476 5786 6578 3550 1956 3791 4490 6911 6931 5458 6853 6881 3611 6603 5174 9430 5173 6479 1150 6111 8789
13 4829 2182 7338 2716 4859 6872 4633 8684 6700 3041 5865 1300 1212
24 8395 1543 9698 6836 1260 8554 1240 4826 2916 2167 4990 233 7490 3449 6463 5883 3965 702 937 6576 3836 8043 729 1456
7 1178 3955 5736 1916 4612 8706 7522
1 8773
44 9207 3239 2571 9976 9429 8403 4541 2033 9466 9033 8615 6243 7445 1257 3421 6838 5481 5992 1756 4442 8748 4198 8705 3979 9780 6530 6014 2149 5832 2018 6640 7495 3600 351 4580 2976 1495 1600 1903 4041 5399 9690 6958 6365
4 9847 4094 9291 2176
2 9411 7013
64 2920 7156 1170 1852 4437 7382 9018 8529 3112 8796 7034 6969 7191 9539 4872 7301 3843 2467 2693 6846 7137 4902 3841 8247 8471 6525 6827 5522 1469 6376 2757 2012 4524 7835 1610 5542 9695 5936 8633 6768 4131 5450 7307 810 60 9390 1120 13 7235 424 1701 1306 1210 6492 2227 8517 3586 406 4268 4186 3021 8710 7161 9329
2 3629 3358
3 6724 2523 2736
31 6670 8420 9707 5299 2828 4056 5881 856 3375 9562 7172 8059 3051 6825 6161 382 1644 1639 5005 7296 4825 8601 473 2062 8512 4801 1654 2494 4468 4945 8402
13 7270 6972 7639 2807 1334 8666 5224 8948 6876 3014 2337 8106 2609
10 9901 6269 6493 5012 4957 4202 9182 7698 8995 5903
20 9913 8388 9762 3801 2517 2707 7308 8577 8053 228 5560 6501 7214 7577 4257 5623 9637 3172 8429 3838
1 9121
35 9581 2327 6985 7492 9712 5382 7118 7457 1553 9272 6659 9156 91 6946 1944 8987 9908 8481 7672 3027 7620 7750 4440 1310 8960 8212 282 7734 4845 619 2269 2522 3091 4022 6143
54 303 4546 4635 3891 9691 7224 2711 2511 4421 4661 481 502 2973 718 5120 656 267 8766 782 3370 4658 9742 39 5284 5537 4060 1501 689 9879 9006 1714 5102 9697 7886 4258 682 7800 5320 3195 6511 1274 3804 3365 903 7238 9081 7241 8084 3226 9099 1216 446 4530 8156
46 9020 5868 7256 5366 415 2809 7274 2989 5099 5289 1096 286 4121 1670 3455 6854 8049 6774 2960 3473 7100 6117 139 2615 3397 3391 1945 9233 331 3639 340 4166 496 7616 5339 8558 7105 1691 7487 1380 7083 648 6096 4324 900 4735
15 8675 3697 3540 190 9282 1121 3502 6402 6739 3270 2635 2235 3477 5593 2591
21 1993 956 2937 8188 379 1245 6597 5910 8737 1943 9192 8373 9436 2910 1876 9955 2244 6612 8281 9295 180
21 1315 1563 3822 5118 2553 7667 4655 532 6092 9094 1347 1623 7596 6100 2069 8723 236 4108 4668 6032 240
15 2278 2531 4228 419 3936 5813 7151 6978 7215 5312 6840 3903 8618 5859 3380
41 9979 8787 9464 7787 8681 9657 9381 2977 857 7221 2407 9881 7898 6179 365 9106 8550 2179 7967 8446 3135 589 3610 9444 53 7786 4100 7536 4505 5355 2894 5518 620 9453 1936 2028 6623 717 6049 323 4604
51 8509 902 780 1326 1518 9105 6029 7884 1465 6089 772 8062 4834 7370 8023 1810 8904 5730 2345 695 6105 744 8003 9572 8676 4322 4370 4336 3587 3582 4015 3177 5275 5774 7623 9088 7878 4551 6343 3488 5749 7136 7073 1536 2961 6994 3259 1038 3883 2658 8022
53 6633 7282 6639 7477 4605 1391 9553 5417 6921 7077 3967 8291 6187 3568 7292 1262 5220 8729 1668 9244 7417 5738 2148 8584 8387 3525 8052 4026 1375 1764 8658 1161 4401 4416 8913 9203 1665 3727 9067 5521 1728 2703 1452 1473 2940 1522 7985 7115 5631 4156 5504 8147 4243
37 610 2536 513 5060 6206 8191 5579 8037 2187 9475 2640 3524 8026 9724 8450 1428 537 3808 6042 9335 6556 4970 8299 8672 4102 2590 4849 3820 2549 9991 7771 7688 8934 7369 2521 5806 2669
25 4098 6984 7933 1189 4862 2394 942 2665 3124 2696 7150 1922 1390 5127 5617 6373 6959 8735 9025 9215 9004 5455 9334 6494 4538
2 4066 7468
33 489 666 7336 3382 7060 7890 2868 6254 9034 2579 4671 1413 3504 4229 7478 5283 5657 7660 4174 7938 2098 4180 9340 5667 4813 3792 6073 6257 1653 7783 20 3589 3313
30 5902 1332 4953 2787 8128 8173 6910 1069 9222 7532 7562 5323 2057 7796 543 3902 2596 6908 77 7351 6829 3832 7354 5217 4932 2311 8234 5807 4754 978
34 2429 554 6780 9128 5113 8774 3384 7692 6814 5838 9972 1182 6098 189 7498 5031 4871 6218 3757 8551 2229 7587 1499 4947 678 9205 8749 243 3088 5342 3405 3543 430 7410
26 6965 7276 5701 7187 5134 8691 2023 4472 5700 3031 1891 7164 2205 3573 740 4591 5385 1047 3824 6521 6294 2032 8519 6789 9545 8862
14 6361 6377 6644 8122 9906 4145 7733 3929 4319 1247 8594 231 4103 9326
1 2418
40 6694 1838 1194 1908 4749 9263 2505 9031 8505 5268 6868 5470 3763 5722 223 3659 9522 1151 2699 8465 1661 8457 3324 6295 5961 7658 1542 7044 7297 3715 1014 1148 2679 6955 2606 9317 8865 8939 1677 4606
24 5222 1024 119 2639 7386 6346 2543 7762 8996 1422 7812 649 9132 7613 3084 68 3486 8386 6496 5311 8371 9940 3284 778
6 9187 8564 2464 7277 2385 5982
33 6900 2589 5402 1363 4733 7870 6615 9209 2217 6643 531 6313 4854 2875 7078 1897 6974 484 8650 5523 3154 3213 4912 495 3567 3052 3508 4191 185 9565 3844 9598 9515
1 7227
42 9626 8698 817 8484 2942 4537 6356 761 9923 7456 6962 374 5279 3044 5907 4453 6642 4085 6696 9826 6462 5728 2294 8336 7797 6337 1622 7299 7480 418 9932 7022 1608 4385 9051 2962 6108 5407 107 1141 3386 5672
19 5343 9820 9473 9996 2538 9819 4585 9949 1977 5050 6480 9000 3509 7267 586 3501 1626 3749 1003
38 8086 9046 5069 1349 6132 4880 2304 9158 4714 2565 2359 7614 6064 4667 9056 862 3722 2526 7650 5073 889 4093 3595 3404 4979 4043 6773 6043 7978 9293 5975 2049 5244 9380 9472 7223 6063 9476
18 6913 636 7081 8312 7564 3710 9823 2040 1960 3127 6389 4768 3924 3282 1308 1387 4746 1000
22 3168 7434 7442 8772 3807 6526 4034 4213 4327 3532 7764 9133 3657 2901 9508 9114 7990 8849 1234 4996 5125 464
17 8213 8965 6349 9711 18 7818 3780 1826 3400 5666 4553 3110 2271 6271 9517 8171 8301
28 7709 9527 6584 832 7816 9424 5962 9364 8407 4496 6757 8296 7488 121 3372 1934 4802 7552 2186 2936 7531 6803 2351 6906 220 5255 3519 2177
1 3647
25 7849 41 3786 9251 4361 5427 5111 5346 6395 827 5397 7514 5412 9794 7170 6468 2339 299 7251 8923 6250 9850 7017 3656 1705
25 7318 8149 3546 4693 726 2928 867 1331 6272 1246 7523 4726 6828 4702 1202 3128 7183 9507 2964 4432 8414 9117 3204 4929 2276
19 2296 3333 2603 2975 3403 482 9549 5686 9159 8101 5603 4063 6333 7453 6826 725 9008 9294 9359
1 7716
7 4475 4511 7082 1090 8021 9137 306
21 7088 5913 4607 3778 1160 4588 8235 2855 2005 1478 7139 8230 4231 9792 5735 5978 1204 1472 5854 6458 6467
19 2313 6912 4240 5331 8611 5588 8777 4380 4542 5044 7717 1147 5977 7834 7138 9241 8008 9097 8850
7 6662 5994 9576 8597 1511 5170 1817
12 8189 8104 6558 368 2258 4284 452 4791 5845 3688 8430 805
53 1724 4885 1630 3067 3459 5006 8574 8854 1733 2171 5495 8367 3493 7777 147 2343 2740 1420 8547 8383 5143 510 9163 2231 7016 1567 1789 201 3707 5789 798 8839 2801 9415 2101 1703 2001 885 8880 6551 4095 1219 2879 1669 9290 5204 8508 8647 5896 3863 5408 638 7404
49 8587 400 8435 627 2982 7685 2967 9477 3228 8851 4921 9322 5610 7866 280 2 8974 1649 1781 2039 8931 5877 9183 6975 9470 3738 4289 3660 5525 50 2739 4004 5754 9021 1856 2980 6557 6347 647 7400 7447 3361 931 5624 8393 6194 9689 5051 8080
31 394 3276 7993 9864 3750 9421 3689 5104 5309 1727 2632 3379 7486 7543 5181 8927 7674 6787 1711 5165 7851 9857 6428 2014 9521 1225 2391 5949 9461 1892 566
50 3527 4153 8637 6474 161 4958 674 2867 5809 5457 8058 1523 6579 5792 6223 2037 8826 4074 6176 6542 9988 6142 2068 2563 4578 6823 8121 4234 5705 7741 6758 2097 4719 3383 5595 5916 3670 8365 3517 9982 3301 1927 9398 5328 7144 6760 5151 3627 7489 8070
22 5027 7064 9620 172 146 9846 6013 6587 4497 8506 4415 8605 5580 3184 2908 4841 8082 579 2221 7123 4018 8350
3 6189 8653 5441
39 9733 3104 3170 166 6155 8715 5746 4935 9002 611 2323 4139 529 5622 559 4045 4398 5967 1338 5305 7806 515 7250 7653 1827 7969 7619 803 3374 9748 8181 9425 1839 1706 2682 5633 1237 9059 8330
29 3049 47 8157 428 6818 5815 6374 252 8638 8159 4426 1389 8871 9157 2513 9998 9513 7918 3894 11 4272 1029 5172 3 2506 4890 4430 6995 7581
3 6656 3176 5983
21 7435 2409 4656 5601 5267 2653 5799 3057 4643 8303 2302 5469 966 4760 3322 3644 2827 5252 9432 4418 2007
42 5971 730 8207 1869 4980 3866 5158 4558 6220 7988 6094 6582 9388 2612 5915 1433 1058 4770 928 260 9194 539 4876 1229 9447 370 8016 7421 3309 6732 7774 5231 5842 2759 1940 8943 9775 9427 2103 9129 4197 6481
49 1883 9255 4164 7406 3129 3554 32 1491 6352 5107 9478 6188 352 7715 9516 6426 6056 4924 1217 433 1832 3484 3413 884 6847 5761 7752 1017 1049 3590 7670 1032 1648 4239 571 3431 4972 9197 3964 4534 5869 2815 8572 491 9971 7165 6212 9909 7002
18 3245 1414 9042 6537 986 2924 4105 1539 7872 2412 7359 4967 3003 7052 2550 8385 4531 4127
44 6529 7876 1313 4703 4782 3938 3082 115 9655 4756 1259 1476 3505 4343 4357 9779 2341 4569 8289 1720 4567 8250 3968 3214 3961 5805 5675 963 5183 964 8013 3342 3526 1615 2803 3953 2763 6284 9161 5327 3456 3350 4670 6018
25 3249 6502 8370 6741 3601 7768 7631 9871 4035 7216 9458 2866 7947 413 36 8499 5037 5935 7087 7869 1641 2786 4393 685 1569
51 7455 7102 8351 6265 9805 1986 2783 839 1904 6066 6570 876 4858 6491 1282 4777 5872 1741 9917 9213 6863 6602 9571 22 4459 1340 3331 5849 7313 1941 9363 8623 745 5149 6918 2342 1442 8172 1732 7491 4943 4751 3248 6005 5894 5202 6158 535 3378 6266 6210
21 4536 7114 2233 6404 2079 5948 7512 7357 1913 8079 5917 8984 7805 711 8038 4992 7266 909 4443 9868 7182
50 7186 1512 7612 5387 100 9858 2802 3669 8598 6103 1612 8097 6857 8027 6345 215 7422 4019 612 2051 7701 6858 3045 5862 7635 5966 1740 8969 8314 6590 974 5590 3577 5950 4548 5197 2038 3711 4427 1028 7833 1552 49 705 1812 6534 9 749 8327 4
20 3409 7108 5763 3001 632 1423 7634 7775 6949 5378 8859 8604 1333 7989 7981 7776 123 4303 4998 5254
2 6654 9954
1 8227
27 8029 2209 3993 7479 1079 3190 6871 1738 6082 9265 6237 8973 8510 6864 7793 2715 6165 4539 151 8571 3837 1848 6193 5669 6334 5345 7476
18 7810 5359 849 8192 5103 9126 6688 1280 1336 4474 1303 822 7950 1060 1962 5293 5370 3569
9 3005 8546 7174 8831 5690 6078 3169 799 1159
6 9405 1010 5369 8915 7236 5091
37 2738 7323 4602 1587 3974 3432 4244 1598 6157 3959 8004 8304 3201 304 8307 6234 4032 5072 8569 4963 2237 6324 9009 5164 6936 1878 269 2870 8139 3260 2318 5431 131 669 2138 1304 3631
6 8711 179 7517 1971 2029 2951
17 7293 3579 1685 2856 3220 3624 8968 2678 4763 573 664 5177 5752 2624 99 2301 3638
27 7711 2781 3054 4493 4853 6379 2206 8901 9141 2863 8545 232 8532 3234 8954 27 1409 3246 6938 9959 4708 3132 4023 3023 2195 1270 9530
30 7864 4376 507 1779 5844 8869 9741 2045 1168 4117 9319 9438 9667 8988 624 8599 4429 9331 8933 6682 693 4789 9967 8432 3912 116 7930 1707 6572 5059
21 9166 2641 6658 8848 3092 1959 5890 9320 3068 3291 5190 6154 6362 345 2822 9223 3028 5536 1699 1544 4160
18 8489 5698 1973 5463 7443 4182 1214 558 6992 6792 7427 9960 3185 472 1547 5697 136 3617
36 6485 6745 7610 575 7570 2956 2116 4212 8381 5575 5882 6332 9665 6812 7233 1769 8896 9017 7128 2800 5144 2743 1437 4458 9540 8195 3945 5011 6844 6317 1731 7991 3518 2243 1805 2055
38 5615 9274 7779 346 2367 478 3730 8769 1360 1742 5788 6046 9145 5673 2070 9147 1788 7054 9808 8929 7740 6401 2307 4315 9714 1195 4295 5973 82 9614 8119 327 2463 9827 910 2019 2691 7937
49 1384 8747 1667 9419 1430 6133 4236 6268 8843 7971 959 9370 2043 4594 384 2645 1747 1424 9682 9384 6483 7099 8317 5498 8473 8975 1572 1989 3704 5614 2454 4576 5873 8570 6408 7300 7290 1118 6950 4310 9747 5652 302 5718 1599 12 5874 1972 6559
21 8932 2838 6110 699 483 9345 1684 4938 66 8652 560 6593 2556 408 7962 6574 6617 8283 7646 6175 6753
19 3147 4837 3768 1578 1401 5795 9125 5493 4275 9439 3914 746 2474 4968 7617 4134 8380 4424 8424
67 9649 7430 6638 4724 7761 1494 4195 2290 7829 4247 4046 3597 2417 698 7071 1235 1566 7897 6667 8704 8439 8845 3401 1673 5863 4514 8592 9802 7272 2489 7887 1033 9204 4341 7247 1858 4448 2328 7518 8358 407 8012 6653 3094 3996 1607 6535 7261 2353 5130 8223 6291 221 5846 8130 3641 8538 5294 9811 6518 398 2677 587 906 6364 1006 976
17 1784 3197 9090 907 6512 4318 8504 9604 9731 1864 4792 7693 9810 3230 3515 5867 7458
26 19 5727 7129 6735 2899 6877 7104 3583 2654 5187 9375 1369 1884 7882 3623 3829 5651 5804 2437 8692 3293 1277 1050 6928 3406 6686
58 6150 8024 7287 9813 2681 1830 4482 4686 5352 1746 6283 7642 2095 1896 4302 1199 1470 6443 2882 1921 4125 7791 216 3221 6415 4964 6785 7007 1314 7510 836 5420 2414 467 4135 5870 8143 7966 2499 4373 5643 8977 7185 1241 5997 7559 5264 308 9007 6390 3274 58 5239 8249 4778 2073 6258 8718
57 658 4781 3680 7604 5009 2108 7794 6067 2842 9912 7592 1979 5163 3454 2846 9208 8051 4087 1702 4512 534 4067 72 3674 333 9957 8528 344 6219 9730 2162 7584 7848 8002 9119 4816 681 7590 8744 1712 4465 7954 5972 5459 7051 2145 7310 3529 6993 7896 5046 9354 3812 3528 7252 2208 5586
3 789 1803 7655
1 7948
30 1438 5510 2997 475 2077 3414 4806 4297 2011 1016 9612 9238 9302 3295 2332 7521 122 453 4000 129 814 4850 6224 7328 9653 9041 5223 861 2562 3705
28 5808 7889 6903 2527 8970 4256 9962 156 2680 3751 5534 1532 7176 10 2710 6240 7626 2501 4489 9397 2268 9113 9547 5444 3923 7899 1823 2134
20 6135 9065 5783 2602 2534 2402 6248 7383 9400 8966 7942 4169 3806 9501 9115 4304 2120 1895 9777 1545
32 6123 5743 4639 1613 7203 5409 9751 7466 1875 21 1695 1371 1596 1187 9323 8357 6887 2124 5549 1196 8600 6611 4148 14 5024 6177 4728 4162 9169 8580 1961 5855
42 9402 422 3789 7019 4245 3879 5584 922 4595 7503 6297 4798 7066 2275 8560 7515 3895 9496 8229 3469 8261 1031 5262 8811 7904 7352 1265 1183 124 9211 1321 6668 5893 8561 4183 6097 8454 6573 635 1573 4865 5538
23 3651 7682 6222 1294 7901 5642 6809 2119 5899 1302 1368 8746 3845 8334 3536 3962 5520 9193 2582 6855 4573 2306 4818
19 1406 9064 511 1081 3345 9249 1379 981 4193 8924 9434 176 7163 1403 3871 3390 1722 6260 7795
49 3257 1372 4428 6503 8989 5263 4713 3759 1541 7361 1791 2330 3121 8906 2978 5308 6083 6982 4323 7340 3352 3013 8360 4565 9218 7832 1477 7388 5921 8887 8583 2555 8632 229 7747 5797 7348 7705 4556 307 6136 8657 7563 6717 7424 8372 1226 9532 8069
25 4583 5466 5554 1267 2455 9634 1550 1460 9190 7941 3940 7271 4406 8661 9152 4457 1850 8010 8576 1806 6225 2991 2420 2371 4868
17 5213 6747 8368 2799 8236 2751 3297 3034 6309 9356 8759 9048 2080 5683 8238 5251 9451
17 1860 4050 210 3429 1048 1872 8645 4209 8534 4893 561 4378 5092 1255 6880 6983 4469
20 1323 4867 4003 1910 6009 5782 9075 6902 4206 8075 3811 582 3699 6939 1772 4626 9867 4369 4454 2528
2 9406 5991
22 8458 2825 4450 8819 5306 9462 2125 2486 5084 9599 3175 5146 7158 4908 341 3533 1952 2211 2847 3643 3618 2813
13 739 9985 3990 2404 8118 8876 3098 1352 6247 3685 9632 5001 1376
4 9463 2006 6989 4027
22 5491 3636 376 6156 5033 6367 8491 4642 7909 101 792 6614 4811 6546 8404 6441 818 392 7133 5476 5449 3279
46 8209 4349 5307 248 7380 5756 2613 2320 7316 138 1787 3443 5340 9542 5640 1918 5000 6249 4165 5007 972 500 941 9961 8889 9866 4082 8161 3419 2687 7420 6568 1434 4513 6506 6278 2249 4926 2136 9465 7469 4610 6311 7951 2457 9918
48 7028 6752 1496 9833 8151 6331 7903 979 9284 2065 6393 5451 1203 6253 6678 4981 2722 7735 4919 5512 8779 8689 385 8015 2816 752 71 2471 2496 8828 6497 8041 8472 3071 2723 2902 1021 1698 7681 7888 2064 7905 371 1350 2697 8722 759 1923
23 4706 842 2791 2934 9314 1062 7037 8798 9077 6437 3992 9324 8553 4363 9010 4901 4759 1488 7057 4904 9993 3535 6060
27 7020 9199 6652 1222 9118 2059 6657 3867 5211 1620 7724 8239 4073 6522 2837 5016 357 6459 1814 3139 7285 2451 6464 9327 1167 8844 8596
49 9052 354 313 4744 6630 599 8780 4892 163 4965 2383 6375 6138 8177 8590 5502 4809 2400 6363 9181 6504 5360 2728 7107 6030 4360 6431 2500 6385 1925 2150 5430 7703 5707 393 291 3427 2484 6797 5236 8180 2588 4132 111 1586 2862 3408 8874 3289
36 6199 3160 2426 7117 1755 1365 6119 7494 8155 1762 4119 3496 5635 6953 3767 4009 6605 774 4487 527 918 1435 4188 7790 970 9629 1770 4529 305 3805 4982 5687 1165 1025 1502 5968
37 9452 271 9874 5535 4502 565 4507 9232 4372 7856 6886 5036 2160 8585 2128 5879 4884 4566 680 7599 255 4840 6940 3686 3251 3212 7939 4878 2398 6149 3004 9899 2572 2239 9856 287 4949
49 8736 6884 2368 8990 5298 542 715 6681 5959 6839 4564 1981 4204 5583 274 5292 7046 1783 3428 2478 3123 78 6565 9092 5479 3262 4810 8201 6704 5930 6162 334 2405 1713 7571 2222 6691 7254 7979 3020 6285 1585 443 667 1301 4729 1983 796 7011
14 1593 8459 7444 7844 4447 932 9703 7269 251 1939 6342 4124 8217 939
38 7320 1963 4344 3366 3393 6999 8243 4699 2558 1117 8316 1417 7167 4582 8544 4232 4276 9039 2242 8246 9422 8196 2183 1036 8778 1574 8514 5528 9414 7257 3864 9426 1636 8251 4069 6016 3286 5571
30 3758 8421 1529 7671 4650 110 5392 2668 4146 44 9973 8322 3056 9352 6369 1928 3033 4676 6411 5831 8501 5685 5209 7959 8867 4516 8636 5395 8279 7069
39 7116 4761 4109 4080 3490 975 3632 3462 9297 497 8220 8266 7729 4353 6716 8667 2829 2479 6779 9022 7755 9490 9358 2344 6513 5607 1775 824 2102 1498 2226 3472 9040 5755 5178 5079 3302 7452 3252
25 2436 5487 2333 3616 1386 5511 2245 2999 4623 7857 2346 4476 4177 616 2659 5063 8847 5944 7766 2441 2770 7111 8178 144 557
51 3311 8194 4544 6357 2831 175 691 6178 5569 5105 7305 2498 3463 1681 4562 8400 1591 7630 686 7368 7782 4251 4173 1275 9939 1026 7177 9835 877 4076 5196 114 5114 6400 8354 3852 5200 1205 6899 891 2083 1754 7827 8983 869 8893 5596 9196 4273 7601 2597
49 864 3663 8609 2107 1799 1179 6683 5041 800 7788 7860 4715 6891 261 9250 4710 5080 5852 701 4831 5271 7047 4001 6282 5945 9531 5993 2891 4783 3678 5884 8677 5828 4422 1675 919 7593 6954 8267 6074 148 2836 7219 8541 431 9717 8396 7824 8480
40 4414 4959 7428 2915 8176 3194 5008 137 847 2796 2248 3271 7483 9980 6211 8103 1688 5184 7707 7237 1123 8431 8621 2175 916 5357 2348 4993 4632 4681 8651 5605 3563 5742 5812 5361 3679 5265 737 6870
45 8055 5719 9702 8401 5998 5188 3211 7120 4111 2034 2835 754 9783 8649 5689 5122 4988 9902 8359 5778 293 996 2834 1824 9725 5128 4900 1763 8757 3355 2331 2476 9591 2872 5827 1657 358 7030 9173 5081 9715 165 2131 8206 820
36 7210 908 7209 7663 617 5422 9068 2044 8938 7387 6451 9043 8767 8841 3130 6122 7802 801 7327 5696 4674 1011 3018 5938 7225 6427 1085 4288 9257 650 4509 204 4463 2259 6057 7968
46 3208 7927 6455 1588 3461 95 3594 7778 5426 7145 8193 9441 8126 9150 5704 1266 3072 238 3256 8591 9480 434 6655 7125 2971 5203 7550 4946 5333 7408 8905 2027 1766 3634 1659 7159 79 8364 3441 1043 3671 6148 8581 7436 1652 6191
38 5990 1873 2382 2966 2504 2805 4263 1736 4881 5925 1901 2793 5019 3237 694 1486 4579 5401 1485 8754 5078 8634 6624 4672 1445 3280 6195 7540 2704 7676 3702 3971 783 16 6246 7751 3860 1019
30 6457 5112 9595 6438 9511 7245 6648 6744 3774 4500 1554 3943 3908 2646 5119 5153 1122 3243 8639 2262 7539 5131 3275 1419 5065 1084 2848 5629 4662 8377
16 5818 3572 277 5049 7534 1102 8665 9610 2900 9645 3338 9659 4104 7407 5210 1339
55 1773 3426 5636 3885 5668 4869 9681 969 2264 9268 7197 8800 1831 2532 9148 1818 25 7377 7917 7419 8776 2974 1457 7591 1131 6620 850 5987 4201 5257 1397 3552 5759 426 7970 2792 8899 8942 4589 9601 7484 4230 4408 5922 4079 4339 9569 9677 4716 5230 8319 5398 9227 5415 9796
6 8376 6316 4411 2533 3206 835
62 3196 2566 2657 4973 4355 8671 1211 9817 8345 5464 9247 5042 9155 2154 1307 6423 256 405 5032 5484 3101 9224 7101 9162 3161 3982 5589 2700 1719 3935 6077 2655 7396 9245 551 3725 2575 5152 988 9893 1238 5461 2798 6107 1356 602 2170 7413 4691 5760 6973 2287 5047 8374 3255 7459 9635 9938 9577 7131 5682 6288
26 7553 5887 3821 6076 640 1023 1666 9529 5974 630 5185 1070 8752 9942 1881 4743 5822 6701 1662 8398 436 762 6088 9277 8535 9916
25 1874 2666 4954 5038 5946 2650 158 9582 4271 5989 8712 324 7736 7426 2503 2643 9013 3872 8205 948 6664 2253 2623 5055 679
44 5034 9497 1647 4101 9127 6081 1415 2246 1692 6800 3285 5026 618 9884 5529 9941 6325 7094 257 134 8738 4452 7072 6561 1432 8347 2733 6791 3684 6555 3363 6687 270 4600 5834 8441 955 9861 844 7412 7039 5435 5551 4049
29 8586 7994 4914 9564 9842 5853 9195 3609 2790 8664 3474 4086 7651 8437 8460 733 3053 5810 9943 9456 1291 6604 3078 3919 7403 9395 5258 6372 9914
10 2748 7804 8397 7789 1055 3892 7586 8612 3514 1261
11 2714 9680 3108 3105 8146 6563 290 704 4485 7278 1880
5 7575 9997 5058 2449 7714
11 5744 5856 1201 4070 7854 8478 5115 3125 3096 1816 2709
20 1734 1778 1440 3151 9188 1249 8985 6010 2812 1144 8479 2726 9217 5928 7836 6616 9467 1467 3180 9782
28 7451 6851 7208 2930 3785 2907 30 6727 509 3305 5221 894 6292 4747 3377 7130 7288 1870 2762 8958 153 5249 7507 5233 1078 7615 1253 3560
2 945 3202
28 9685 1177 952 2482 1152 595 5557 6336 6698 3531 9248 3754 3896 8827 1725 4784 1967 3748 1071 2308 1953 7195 6709 6802 1717 8443 9855 9723
19 8739 7464 4560 6001 8233 9664 2469 9904 9413 5229 1829 6646 9236 9892 8483 6586 5691 2392 5886
15 7329 9925 3330 3878 2545 2616 5802 4721 5924 5515 3703 1969 9123 9736 3402
38 3029 5477 6380 3732 1583 7633 5695 3099 4832 7381 5764 5725 319 7222 3584 9474 2756 9403 5958 5565 6798 6859 8343 8165 9102 359 7852 3467 5013 8781 1039 7074 2564 1619 1180 6045 2421 455
34 6924 3603 4940 6567 3915 1474 8555 294 7629 2453 5101 7262 3340 6873 8916 3948 7440 5733 4942 7549 2285 8153 738 8886 5984 9865 4142 8466 2761 631 593 9606 879 9520
21 5500 1443 9177 1232 120 2984 7624 2893 1590 6006 2955 5911 4237 5098 1382 1035 809 1920 4647 8068 8824
47 9087 3024 1272 7239 7162 4326 896 6893 5405 8659 8864 819 8610 777 9639 4072 342 1008 490 1774 6713 6888 2580 2144 512 3299 6692 7556 2462 6025 4621 7179 7699 104 9049 9750 2472 3876 8999 7739 8144 5095 9391 1086 4510 2013 89
26 8277 2742 7811 8324 5400 3122 7171 4636 4477 3901 8099 3225 1582 2361 4808 6209 8602 3046 4157 9494 7568 2773 9753 2238 4911 3737
45 8699 3739 4665 2518 8493 292 8259 9897 1297 2072 369 852 8134 1924 5394 1042 5556 6298 9270 2892 4804 6734 9435 4036 7333 4030 7622 2727 765 336 4215 8568 9772 8716 6435 8919 1077 7784 2516 980 3093 7731 6750 1207 4799
8 6740 2293 4410 9485 645 8882 5169 6544
24 2963 3717 6430 3325 3232 3904 8116 6213 3793 5713 5087 2969 4397 387 1504 9167 9843 5801 9968 9330 6312 4698 3489 2939
35 8073 8485 6121 8164 485 1595 8502 3799 4690 2052 8511 3216 8242 4259 2947 7798 6429 2365 4727 7063 9597 4478 6079 7056 3192 4313 8036 1490 2970 8222 2604 8174 3762 662 2411
28 315 3842 3740 9082 8820 9729 9849 1820 8028 7149 893 4167 6726 7823 7298 1905 2139 2861 7132 6167 3487 9275 2189 3747 6714 288 4740 4736
27 2512 3830 2031 3585 3565 4115 7068 3215 3247 5045 3946 1045 7508 6120 5794 6622 6996 3178 3553 8436 4974 9448 3389 6276 5840 9616 7760
26 9851 9654 9705 990 8761 1393 6134 130 9882 5302 2373 8186 9001 3267 37 7842 4692 3593 7384 1907 3115 2390 6799 8693 5969 3755
7 5710 9164 1601 4481 1886 2857 4887
22 8447 2132 989 9613 6634 6832 458 6279 3364 9948 967 3790 4221 83 5278 9934 8807 8624 7147 5141 296 0
2 3424 2573
14 8449 435 3381 2363 1877 1185 1808 8663 5644 1158 6702 8683 4054 8044
6 1489 9556 4875 7284 6214 5067
38 892 7792 8462 6856 9757 5626 6359 5567 9611 2234 6301 4843 592 5350 5908 7106 786 9091 5956 2099 9600 6606 8411 7350 9454 9781 2100 5758 1115 5057 9721 6795 391 1343 1558 2508 1410 142
5 661 9412 6536 9543 9927
33 2520 9696 9795 9546 403 97 1346 8809 9288 2089 6515 7279 2067 390 8877 2554 5753 9387 4962 2312 1909 3984 8898 590 8375 2586 8098 3588 7641 3880 6221 4891 7173
9 4170 4200 1503 6413 6618 7940 7830 6610 8000
1 9459
19 7585 8795 830 3966 4356 9964 8981 872 3040 8866 5895 2492 790 4683 8332 7393 9700 4158 5273
27 6239 9647 3418 3513 4879 4800 1271 3854 2607 3672 5919 8917 1041 7321 6020 2279 3551 7582 8763 7528 1007 668 3164 829 4395 8417 7482
20 2335 6392 5539 6244 9678 1676 5371 7153 2459 723 9615 1520 1759 3922 3950 756 6323 8870 5606 2225
41 2230 6023 5228 9738 5291 9440 8956 2260 6907 3547 6519 3574 6226 613 2913 3387 1933 9489 8394 9924 2202 1103 6095 1400 4306 2779 9338 6084 1526 4864 8579 7268 5599 3576 6991 301 3931 5817 4554 9259 5547
31 5721 1942 4617 9101 9062 1364 1110 5933 412 5878 8760 9790 9694 5768 9368 7987 8007 2561 3709 7813 5653 8674 8884 8226 4057 2376 4446 1951 9560 5931 4987
26 1697 208 8742 9481 9165 4664 7769 9754 4062 5256 8125 912 3776 7502 6820 2439 3877 9784 2876 9239 8060 2378 1782 2873 3511 5478
22 5517 1487 8112 7847 6172 8620 1660 402 4365 4899 3039 4002 3137 3645 7394 7743 9212 2995 727 2911 5132 7678
20 1625 6293 854 388 5310 3952 9812 7984 5702 4347 5070 7837 7103 2921 5608 5004 866 5472 9378 4138
57 3976 5089 2497 660 3435 629 8257 3862 1292 7569 7931 6987 2874 538 5597 6488 3606 1383 1132 4128 3613 9442 2950 8656 9269 5168 6923 3650 173 6264 4439 2433 2619 6131 7545 6354 9728 6330 312 4294 6448 9642 1295 7880 2458 7977 7722 1377 3126 2300 8083 3858 6350 6152 4374 4622 5543
24 1251 5347 3544 2399 6128 8816 8379 4652 826 9151 514 4384 3622 5824 3086 4298 1868 623 9555 8487 5460 5388 8 2724
29 4194 266 3058 2261 546 4584 5941 6915 275 4106 4219 8067 7090 9671 1337 9758 7286 8539 4874 2644 4614 1671 2197 1094 3336 3074 28 2030 6960
60 6875 6498 5602 5662 5724 8273 5043 2745 1968 1846 9889 7636 377 1715 8416 6104 2614 688 2024 9351 4038 5999 4543 1130 3907 6444 9727 5558 1964 7839 2552 9870 6027 250 8442 420 3538 7838 160 5706 1451 7960 3897 7168 2022 5947 6531 8643 416 5726 6599 3166 1127 429 5489 6287 4399 913 1680 1847
39 6053 4764 85 4593 3439 9273 4498 2395 9526 3278 5083 1065 6308 3359 3376 7551 7032 4097 7598 1990 8771 4975 6564 5634 5509 5467 2168 7841 9535 6017 9417 3882 9373 9875 1059 2946 2914 6514 1020
32 6004 5234 330 7916 3802 5433 934 5123 7415 9720 5619 8627 4055 4903 4423 2129 1136 9086 253 7504 5106 7541 3158 3296 8821 3385 9053 2584 8340 486 9500 4321
22 4467 7264 2569 520 4917 7925 8392 2820 2488 1362 2096 2372 3744 5096 6986 4354 4308 9646 2794 7042 6405 1318
19 965 767 6173 8782 5803 9019 4812 1506 1484 2194 3423 3162 6449 8295 7423 145 4261 7343 3870
37 8892 2250 1453 2548 5709 3425 4293 4211 1871 4515 3963 1656 8688 953 1911 4685 8963 3163 3438 4521 5943 742 8476 4597 4144 2662 1155 6382 6508 3932 1954 6275 4774 2490 5432 4434 7432
13 873 6549 2428 1765 5918 3048 6028 4466 2625 8982 2450 4189 3288
48 2957 7312 4007 8951 6261 2673 3434 2578 4331 1521 244 9652 3258 1930 6306 8244 6231 5191 9709 5904 6629 8593 8197 2299 3926 5729 556 4745 8297 9122 7855 3223 6233 5053 2647 7 1099 7244 8733 6892 8269 5613 4283 3106 5833 7374 5443 3134
22 530 3947 5656 2852 4786 7092 1381 3803 4814 1575 1798 1517 9719 4983 9746 6421 9668 927 9120 8463 795 9990
17 5996 7580 7683 3921 2442 5135 6216 871 6484 7712 3782 7998 5559 4486 5061 7972 3887
4 6756 4065 8042 7110
4 6159 608 364 3491
42 200 9947 4657 1580 8030 5160 987 6452 8814 9321 8721 1624 6552 8061 3360 5448 4252 7974 5793 2381 8852 9807 8065 4933 5414 5912 3273 548 9841 706 4599 8456 1507 5814 1801 7349 3626 3681 7184 8858 8838 2698
12 8203 9289 1111 9394 380 9837 584 1075 9376 9816 5166 9824
36 8548 7446 5205 5955 7572 417 9492 4986 5241 5238 230 196 3157 8500 6848 7334 1584 2048 1012 724 5670 947 8918 3174 7259 9139 8616 5389 6326 1682 6609 5785 7853 1796 4549 2430
38 874 9116 9341 2352 2000 4989 6865 1051 8486 8562 8218 4282 2042 5475 2631 7024 103 7718 8495 6478 813 9318 5136 5438 3831 7625 468 1153 8894 4596 3868 5121 314 6914 8959 7719 4277 8087
8 4833 3991 6575 9617 5088 7344 1355 8306
43 6951 6069 8642 9242 5847 350 7920 4550 4096 93 3007 3436 133 6963 3977 8264 6743 5314 6778 1786 5396 6286 155 5850 2274 2254 339 3917 6055 9605 3344 1388 8469 2483 3927 7212 4192 8794 642 4707 9016 3407 3207
20 8328 2626 1995 2425 4705 3445 8687 4227 5951 1101 8631 7907 5356 4638 779 7525 6808 8799 6775 4941
70 9666 8133 1723 6523 2056 5526 1790 1431 7045 7542 8494 7727 9361 7231 1396 3075 2021 5313 3973 1468 2159 7914 6539 1882 6102 6205 985 8881 1538 7124 3736 1885 7753 6126 3888 6267 2047 2617 2267 335 9108 1950 5612 4402 7850 140 2823 5242 4226 6007 7618 3298 2843 317 8311 1576 5413 845 5637 5790 9860 2618 8120 7472 9766 2664 2163 5841 3985 7058
19 4255 7737 9254 7668 3036 8856 2470 8953 886 4552 7315 2477 1459 4734 8225 6203 9142 6447 2887
16 8832 7883 4291 7309 7680 6197 8741 991 545 1604 5002 958 663 3828 227 7773
35 4112 7554 6186 1655 2686 5779 5627 152 8694 1256 4300 3326 105 6684 1568 7843 6596 2281 1466 8063 7894 7389 4329 5207 2865 8515 2746 7955 4444 9854 9301 2502 7303 4479 4320
22 6410 5830 6589 3958 7595 3165 7513 4159 4677 2122 8031 8815 5391 3341 5825 2280 7702 5798 2456 794 1254 3619
48 9845 8521 4404 3986 2972 3905 3661 4978 1286 7725 3628 1749 3873 4122 5851 3320 6180 5336 4732 4571 5035 1894 9386 2895 2860 8720 1975 2988 9093 6227 6229 7242 9525 2146 6071 5676 5820 960 4412 9787 9609 6569 7289 9014 4522 4281 5225 181
22 9602 7867 7135 4441 1429 3798 2192 2141 4014 880 684 6583 4052 5148 6019 2833 1633 1093 298 1327 4296 3478
17 9627 4141 3840 8719 4367 4999 1108 362 2251 712 4995 7946 2764 7606 3369 3417 4820
25 1142 7912 2126 8353 544 7609 8344 5864 7405 2204 2142 6299 9989 625 3794 7765 7910 1744 6500 8660 9174 785 3769 8011 9803
37 9636 5540 9640 6125 5952 2473 2810 508 1716 833 7770 6571 1416 7627 1320 5139 1822 2945 4518 4136 5097 3241 3009 7260 9863 186 3813 7402 1450 2996 2719 6061 2785 4025 5979 8622 2530
8 1002 6777 8252 96 4262 471 9969 3827
11 4196 9557 2881 2386 4270 2568 6238 7213 479 9339 1114
4 3989 5888 9171 2660
20 493 9744 5829 7567 9349 5965 5066 3087 3937 3653 3118 4037 8635 8046 2491 4267 7281 7409 7311 3107
18 4575 209 9981 9761 2667 9234 1412 1509 6062 2121 659 8644 1067 5891 3969 2273 8582 8154
15 442 92 3315 921 3859 1464 7006 7004 9767 7547 4851 6047 2452 3182 4471
55 4794 5771 4815 9631 9078 5507 4409 1175 9179 5550 3507 9641 4895 6319 2388 4857 9701 7366 1176 5064 7659 8293 4358 6905 2191 9624 2737 5411 9225 683 5364 5658 9594 9175 600 6736 5288 2010 8805 2214 4118 9076 6759 588 9437 6040 1244 7544 5773 4392 4172 2767 2157 6147 6242
1 5480
30 3510 7263 5287 6196 2776 3775 2525 1193 1166 4944 4939 2546 4906 3416 692 7807 1999 456 6414 517 4660 9774 8361 2611 8810 7098 9111 8732 7280 4417
42 1970 3368 127 7548 5674 9911 9844 7207 3561 2309 3339 4718 6897 1834 8745 3399 8822 7295 868 9883 8170 2255 5765 9995 7511 7258 5194 7892 5740 5145 1708 1354 9692 2925 2734 6368 6631 3520 9168 4976 5953 2117
15 1564 2551 3784 6580 1319 9107 6524 3440 5940 3063 9443 6731 526 6183 1190
39 2782 2305 9537 7697 3930 8237 6746 463 8326 2958 8150 8524 9739 6038 6129 6436 8166 1342 5639 983 5796 5416 676 9060 8399 8461 1890 2427 721 5085 4757 7859 1663 4220 5659 4731 2922 8490 998
25 9503 8791 3227 8298 4147 2906 1475 3691 2054 3146 7647 320 6874 9348 8673 7454 4898 4517 8006 1996 5109 5570 2058 3944 766
20 3910 57 6538 9832 7364 4969 1785 4010 4413 9759 7416 8142 8790 197 901 3612 7035 9818 3591 3690
35 3541 6771 6742 4250 1181 2360 5837 5995 6674 355 6730 3893 4190 7217 5482 363 609 9929 7012 94 5906 2778 9509 6516 5641 8208 522 3015 7803 5926 8861 4149 6782 8700 1929
7 5748 8382 6202 3615 9538 1324 2053
20 9012 8309 8040 1863 2954 2585 607 9710 7342 7691 550 7080 285 4620 5587 1034 9686 6314 2567 7061
9 5214 98 3114 3735 8272 6386 3085 1752 9287
46 8902 8937 2600 5678 2180 9836 3205 8017 4821 6235 6722 7065 9994 3925 5176 356 4217 278 8270 26 8025 6540 9732 3266 5552 171 5625 7720 3713 4822 1119 5492 8756 411 4375 6770 6598 7964 1683 9499 1865 8552 8337 8453 1718 6127
19 697 4630 318 1252 3746 8288 7754 8793 9433 2601 2804 2228 7865 8428 2438 4330 9418 9220 1579
16 409 7379 4017 9896 7817 7339 6909 6677 7122 644 2888 1231 2594 5077 5714 5020
12 3362 4527 5677 6988 521 3788 3081 3810 2824 4797 5671 4483
27 245 128 5892 5156 118 7501 9848 8833 6833 7781 639 9658 6085 7529 6486 1345 7944 812 1932 6811 5186 7992 4381 9201 2201 5505 7621
23 9965 7602 5212 4520 882 1076 6383 6673 9005 2747 8451 5429 7283 7600 9771 3002 1133 2161 4611 6273 4649 9834 4120
3 4184 6021 8088
17 8573 2992 2338 4089 4123 8245 853 9028 4163 5379 5317 4335 5052 9862 760 6869 7206
20 6003 494 2651 6026 3818 2314 3155 5684 3261 2035 2415 4317 9814 8352 5269 9797 9793 9369 6533 2839
6 332 3779 4137 7934 8190 9377
21 4624 4720 3666 9524 4006 6099 1737 1571 6781 9310 5781 4287 6761 3492 8282 469 1809 6685 9383 9558 9304
23 7648 9625 5576 8300 254 1458 8148 3846 2272 8160 1525 6948 7583 4762 6763 841 4925 6661 7201 1650 8668 6651 5573
27 7638 9575 64 2240 1143 9072 4619 195 905 1533 7652 9344 1405 2542 7449 505 5 6766 6487 6817 7079 4570 8589 2730 7814 1898 2540
17 5282 1804 8219 992 4659 2817 6784 2898 7048 6641 9299 8830 2850 936 3714 7566 492
13 2780 6966 7190 6280 241 6407 6422 4021 6270 106 7143 2288 4844
22 7347 3668 6626 9839 2347 3306 6499 8908 1129 2905 5198 763 1751 9307 4364 3327 690 9876 7001 2322 4013 3097
49 5425 2041 8768 633 982 8263 4930 7643 7169 9027 2753 9408 3648 1220 1248 8952 8883 9574 9838 7091 8935 9240 6281 7273 9651 6387 9389 5506 8039 6628 2772 1373 7932 8248 9756 2050 7003 264 38 8626 182 4484 9568 9296 7831 234 2200 8654 1948
24 7975 720 5285 2952 671 4645 425 397 6391 897 4767 4675 501 194 7900 2241 2909 4701 9706 7326 1471 1854 217 7433
1 2718
41 5562 3635 1116 1125 6600 6339 1976 9533 4345 5157 6509 2447 1057 154 309 6754 1974 5655 4765 2303 3485 3497 5365 2701 5403 7858 3357 2002 3153 3726 5703 51 1899 9986 2133 2224 6981 4140 8770 343 3120
25 2539 8093 6000 164 348 2797 2355 775 8801 3556 9300 6866 3761 2713 5600 2595 5216 2084 6733 276 3016 8565 7189 6289 9740
34 1955 9769 448 8804 1109 7425 193 9482 5519 6728 5353 946 6318 9471 9946 4817 4419 1853 8162 9170 3060 7893 2871 4222 4748 888 1917 6934 8762 488 3898 6715 316 6470
16 6255 3537 5628 9035 7010 2706 5014 5260 3079 6591 4753 9280 2993 9095 3853 5900
38 1223 9450 8085 1239 1311 6805 2174 9566 7822 5380 76 9015 9983 6201 3447 8646 9498 8549 771 1145 940 806 4464 7605 6471 5739 3960 7738 2081 2826 673 5261 4827 3272 6075 1811 132 4557
60 2495 3875 4830 9030 5650 2060 6729 2771 993 930 4274 816 4266 5208 9734 8182 776 1513 5486 6353 7220 3470 6146 8986 5582 4523 9026 5734 8009 9630 3233 4359 487 9431 3682 628 2419 1092 2587 7728 3599 7200 5648 6852 9178 54 7390 7485 8949 1549 9648 2113 2329 8808 5390 4047 1418 8556 3825 2818
29 150 846 6012 5303 8991 7448 9074 8109 536 9303 7763 9231 9821 6861 2325 3300 8725 1402 4092 2485 7497 4333 6543 262 7053 460 466 781 1998
19 3263 326 2981 9134 6705 7840 2741 4371 2541 4574 4860 2460 1149 8834 8275 6035 7391 1841 3347
40 4848 1777 4704 444 3949 1862 9963 1098 1436 7275 272 8064 793 3753 6171 3494 7385 6755 7160 4176 2943 6560 5762 3318 2705 1063 8751 3835 9898 8802 6011 3745 4994 1213 3349 4918 8717 5159 4350 7460
30 1221 8588 9135 102 1835 4555 1565 1686 2732 8617 1710 353 576 4314 4301 2987 5960 8100 1279 2046 4896 1813 4795 5147 5942 7008 6944 6585 8057 7093
36 4299 8346 284 1200 7243 1994 1500 8187 1106 9138 1215 4099 3038 646 8378 7679 9230 2375 3308 6708 6920 5976 3316 4290 283 3756 5421 9877 1750 8335 6528 8050 8697 1298 7661 9360
28 9559 1997 7097 4246 5182 3047 3420 3026 4029 1299 4499 399 8540 9554 9548 7819 9460 3010 7265 7500 7982 3481 1164 1611 2257 2708 2215 6090
53 2690 8803 1263 46 9070 8785 3133 9859 2104 9541 3592 2729 1946 90 5384 9978 859 4075 3150 4388 125 7331 1171 3446 855 198 9966 8231 45 3019 2510 2744 7304 564 4581 1156 6577 2890 8455 87 764 7519 2188 4766 6153 6941 1095 8232 5591 5436 1001 8690 2897
22 8786 9890 5344 9100 949 1721 2444 4628 2151 4711 9722 9798 943 4700 5316 1074 108 1015 7112 6461 5494 5179
8 7637 9483 5138 3987 4905 3080 2610 2289
48 7248 2731 1729 7710 3701 5660 4024 4113 5835 7726 9687 4916 8926 7462 9337 4235 1914 8817 4852 6945 1519 4739 9661 5681 5524 7608 9688 1358 703 4155 2295 5215 9528 337 603 5126 8418 4488 5784 6335 2114 7202 1658 637 4823 5876 9829 1562
25 6879 1322 7095 8135 6720 7945 525 4334 3956 9367 7033 574 7126 9332 3716 9365 995 4390 5485 6635 6093 4305 2185 7537 9673
20 8835 5757 9045 3795 4396 6034 1937 2110 6562 5155 3534 4351 732 3186 7353 1982 634 3630 3777 7015
40 2147 7628 1693 4966 177 7134 3210 2220 1197 2648 1188 7516 4264 4547 5986 4407 6581 7371 8526 8812 4572 6929 7919 1987 4178 4116 9206 2223 1285 7696 6394 5531 4769 5348 2998 1278 7026 5232 962 465
9 7314 1792 506 8940 8412 6182 5375 1281 3760
26 9869 3398 578 1250 5437 7493 4224 6406 3392 7021 9278 3277 1629 2443 4950 7560 9880 8115 4382 1857 8258 3913 6776 6490 4039 5985
52 5920 3970 708 300 7558 2025 1104 5329 1448 5901 9333 5167 9355 7520 9510 2004 8829 4152 4631 3000 7322 8922 954 6091 6510 735 2199 2317 1807 3642 6867 8964 4627 3800 4462 5454 8619 8468 8696 3734 1726 791 5439 6693 9486 3035 9749 5616 4897 5592 1293 7527
22 2198 3200 7255 8575 5766 1537 1947 4561 8214 3851 8533 4787 6699 4532 1027 6384 3620 2814 3848 8185 8163 2983
43 3073 9071 6398 2406 9298 7392 4651 8339 1534 728 8325 7645 6366 8475 279 2087 2213 4316 2768 4684 6215 7656 6169 7067 5609 3933 9468 9308 4431 9200 7885 6112 8648 8925 807 8078 1758 5508 1082 2509 8019 4348 7467
21 3475 4016 6425 9512 6719 9684 3062 2270 1603 4669 714 4394 4044 6816 2851 4985 8492 2364 7820 7875 8727
52 655 8338 6942 7874 3783 6749 9735 8413 4776 4249 2923 6059 4033 2808 7935 3222 7018 2634 6679 6608 8680 34 870 6204 875 6174 213 1618 3920 7723 9958 6432 6388 2158 3209 2932 8315 4342 1556 3934 3348 440 3718 6151 9936 2172 3335 6433 9589 6113 4292 8740
10 168 5777 3191 1745 7234 7915 9623 1531 6140 2758
38 5017 1627 4028 3530 3269 1411 6810 6712 5442 8775 5767 9110 2109 7538 7588 8108 887 5326 8863 7397 7330 2560 6124 470 8318 2889 7675 6328 917 4961 6355 2165 265 4383 598 8138 447 4506
33 3512 2112 8111 1236 8873 4461 6707 9079 2263 5980 8390 7976 3353 5195 6738 441 2752 8286 6303 7121 6232 5775 2379 2985 8910 188 7996 8897 1439 9638 7758 675 2845
16 9815 9737 2105 1902 6971 5193 8895 3673 4634 1709 4491 8444 5201 1561 2933 6190
37 2649 2173 5116 9928 9809 454 81 8105 6883 2063 581 449 8141 9828 1493 6137 4663 7708 3856 5274 4460 3980 1696 815 904 3144 5823 7294 4526 8679 3881 3059 1243 3198 5898 9760 3861
22 533 6922 7555 8695 9186 7291 8349 7902 4563 8341 3310 7603 6070 6434 3665 1230 1137 1931 4790 3480 1510 2169
18 9633 6718 5566 596 2181 8868 4888 9228 3909 8743 9607 1844 4337 9552 5474 7146 1378 7049
24 3050 6550 4666 2605 8823 4613 5054 7730 3290 2661 4696 8909 3752 2547 1198 8945 808 6751 7689 3077 8764 2319 6824 4646
28 9628 2440 7232 5453 2178 9505 883 6850 929 5909 2557 2841 6036 5473 2636 3145 6947 42 3503 8362 7958 5963 8221 6054 450 5483 6033 641
14 8410 1843 2212 968 9588 915 2529 1617 1427 3388 8825 4519 3095 1341
20 8784 4285 4920 6645 5250 2156 3839 5632 9229 938 4856 9219 1980 235 4688 1988 5780 8888 383 7906
50 5090 9743 8034 1634 6344 7014 516 281 1461 7924 1819 2599 4533 4590 9029 2959 2137 5715 6926 4682 8993 239 6977 1053 5645 8567 3395 9423 9235 4051 5175 8498 3337 1462 8032 6166 2849 8702 7530 259 7611 3343 8391 4697 8879 3113 5434 1191 5647 2864
20 825 6764 1797 8228 4503 6904 23 4928 3797 2193 8503 9656 4741 1312 7524 4451 8137 1602 8701 1009
18 2904 4064 5711 40 5465 9822 4068 3173 4433 1748 3498 7414 8662 5880 9800 9716 9479 8563
21 9011 9951 7662 4020 2754 4449 4328 1330 8033 8788 8333 6417 2878 6300 6015 9608 4785 926 3559 9131 1139
40 802 5620 7211 5751 2140 3102 2652 6885 5219 2938 3356 2461 2777 3141 1296 6990 5568 3244 4870 6801 6109 9662 8497 4931 4110 6050 7029 4956 9058 8836 555 6477 1645 6788 5533 6845 6968 757 5939 4091
7 1233 7690 3566 1700 461 5100 4796
43 4807 8445 6967 1046 5861 6932 2075 5301 395 5154 3999 5023 1395 6625 8992 731 2017 1154 7192 8294 1597 5577 6636 6545 787 2672 5383 1621 1505 4175 2416 4436 9455 2066 2918 7450 8389 2830 1173 9154 8891 2298 3458
20 3557 8595 709 1441 5082 225 7096 7745 9975 8094 2948 4653 9789 2315 5040 4012 1394 8253 9764 5280
28 2216 7557 5553 9603 2092 5337 5544 3978 3140 8090 8488 1479 4540 6348 6052 9977 8482 7748 6465 3111 8641 3928 5988 4042 1559 4803 8131 7441
15 5377 572 3433 7579 6024 9952 6163 2292 1589 8603 4114 7363 6680 7009 5226
19 3083 4107 8464 2979 3675 553 6898 7654 9328 3997 5462 2374 3772 2633 7062 9136 2854 2431 1555
17 498 4673 9382 9586 4907 3394 396 3694 1551 9886 2358 6396 5561 1836 1889 8284 7362
47 9944 935 5914 2515 9054 5770 4031 865 6184 2670 3235 1516 1073 1690 3495 184 1357 9080 3939 8169 386 2190 8669 914 1068 8907 5741 1906 63 2085 2514 3006 9096 6144 9261 4991 8005 1760 6957 1172 4934 4780 8183 5362 3571 7533 2130
14 6360 3066 6672 7075 9840 7089 8608 911 4886 5563 7673 1514 9765 6819
17 6245 8110 7411 1169 6601 843 2622 1061 4915 2236 1224 3136 9895 1258 4577 2750 1344
31 9353 3542 8530 1557 9457 2927 9262 6048 3373 3465 459 7576 716 52 3731 7879 7148 2859 4997 8903 126 1283 863 3796 518 614 2684 9185 2445 7713 2840
34 3411 3816 9130 6762 6041 9264 2115 1317 5140 924 9583 5133 9428 2016 9312 7031 8930 9055 654 2283 605 9149 747 5897 5246 4269 7953 2683 8091 831 3687 5821 8054 6185
24 8536 5351 4587 4171 7041 4838 788 5321 5776 3548 9984 438 5731 9061 2423 1570 1966 86 4040 3012 4311 758 9176 1887
7 3605 5663 9144 9252 2284 4053 773
21 7373 4913 823 74 2362 4828 8686 8014 9987 1861 2844 7178 9292 3625 8107 6697 528 5456 5490 577 8730
