48 9475 2586 3153 4052 7418 2863 6603 2191 1143 2766 8184 7205 5383 7179 1573 5326 8669 2212 4084 309 7842 232 2770 8737 7812 323 5121 924 9365 2219 494 2972 2945 2485 5242 9928 5038 1561 7797 1332 7128 1237 1947 3859 7807 3956 1559 5953
46 1808 4935 8598 7576 9145 7883 4967 2265 3511 8980 5014 4078 9925 2795 1425 8590 6152 6319 8366 6720 1893 9755 2 479 8586 7219 5377 16 7020 8285 745 4325 1158 3603 5108 2121 428 8168 1450 7848 4035 5902 7827 1699 1288 1079
21 187 3660 306 2242 6446 2738 8001 4520 1228 8135 9996 5426 4776 8064 1513 2261 8002 8018 8117 8782 321
83 7277 3216 295 2417 7584 5777 7609 1817 7136 9440 7613 8579 6330 9038 6982 726 9417 188 9037 328 9200 5756 5195 1330 8125 4170 330 3701 7439 9202 656 5555 4994 6640 7251 5564 336 9470 8400 1066 5529 9951 7421 4214 1818 5185 5113 4803 2263 928 7581 7331 5898 9646 6231 4068 7191 432 3954 5151 7375 8834 3212 6697 2909 5547 7815 1189 5350 2889 5790 2821 514 3874 242 6478 6103 1337 517 1627 1864 5269 8670
63 3448 9392 9053 6229 9159 4065 3249 9832 1641 1048 9189 2446 6885 3877 1938 5370 6791 8121 436 3782 1568 8653 4349 280 159 8183 8504 1035 7216 8447 9884 7249 1264 9708 8106 2705 1320 5766 2817 6044 5947 7779 1456 3370 9292 3301 5730 8497 2309 5708 5605 9009 4731 2958 6067 1078 6641 7497 6880 8803 6002 5110 9555
36 6198 2600 8424 6765 8903 7475 5136 1704 7552 5632 1700 1442 1994 4252 5671 7489 1299 6419 4988 2255 3955 7059 7076 5249 5106 4368 5409 4340 4624 9539 8962 4908 7617 1637 470 2388
49 7678 3042 8407 8090 8546 3265 1030 1833 6897 551 3533 6879 548 5583 8177 4006 9408 3278 9052 850 9559 3932 9956 2614 7667 3715 7765 871 4997 1082 9889 9110 9089 9207 9299 3077 3739 4242 6342 506 7452 9305 8014 8474 8126 5217 8388 8192 9829
42 45 1408 9058 9351 4189 4182 9371 3682 1239 22 2064 8641 9994 3711 3724 266 8123 5119 7473 4167 1656 1246 6195 5986 7964 4859 885 5819 4369 5996 9065 2926 7551 6324 9650 5551 5470 4063 7908 6656 2582 1778
22 156 8544 9963 1681 3118 8791 3430 74 6473 7973 2645 3568 4862 1058 1291 7262 1159 944 1529 1782 3578 6596
39 2995 42 102 4115 8044 8172 6096 5588 8078 9141 586 1111 7995 6257 2479 7528 8466 8939 529 5852 5828 9007 8448 7370 1935 6085 6948 1044 1146 3942 998 5463 2277 217 4342 8252 7223 4947 7726
35 3187 6056 3592 9413 7744 8885 6961 7488 6218 4589 4385 1839 5146 2415 5036 4990 1889 6780 8560 4365 7535 1696 329 2222 9225 3133 8344 7892 7933 196 8060 4977 7134 1177 9982
49 5371 9738 2849 5955 9328 8644 3160 4049 3562 3611 5160 9194 4474 9446 1312 1539 8364 3104 3482 4824 4917 170 8293 1282 1055 8478 107 1532 6630 6033 6705 5647 4047 4687 4761 278 2549 9333 8557 9062 7714 1874 149 6 5158 8606 7089 4037 3080
56 9151 3590 8946 4466 2209 7426 4114 5262 9054 9561 2823 6227 5325 7011 6992 4481 9506 2557 5914 502 9787 9251 1816 5740 8481 3643 6475 4249 3050 9484 8074 9790 2509 203 532 9024 4851 5067 1070 169 6743 8975 4125 9169 8226 6758 3497 8521 757 9201 8818 1583 3478 9463 2915 1891
38 5876 3425 4904 3387 4480 2396 5516 8733 1278 3268 3 2343 1944 2266 2950 2728 7415 546 8578 4230 6439 4488 3672 8355 3525 5758 9823 3890 3960 7627 6095 3093 136 5141 6903 6133 6806 9192
35 681 9861 9594 4777 2239 9599 4145 5570 3234 1233 648 2891 6672 3454 2148 7836 5880 6938 351 8160 9167 4296 2784 6501 3752 7583 1538 8955 6293 6650 4339 7178 5930 8715 8265
32 2150 2139 1753 4322 1785 6613 8315 7833 1344 8572 134 2771 541 2794 734 9376 7267 4316 3563 7615 6841 815 758 5641 3140 3397 8301 1357 2556 6157 5635 7264
35 6440 9168 4768 7320 4141 654 1964 6459 4034 9806 2145 1124 9621 5940 4126 5862 2983 3654 1986 430 5727 5767 895 6398 5346 9709 9611 5468 5615 2962 9134 9579 6264 869 2879
33 9822 2223 3873 2758 3123 4974 6928 8625 8717 4575 8528 7693 8309 1872 7291 5530 9769 5817 5356 5923 776 9142 8632 5039 2434 1958 3041 5215 8165 6667 6637 3386 7368
35 6428 7318 6570 3183 3516 7759 1666 2820 1250 8204 4137 7538 2280 4095 2799 1749 3835 9300 3435 115 9209 3574 5187 4051 2111 6884 9386 7506 5715 7657 7263 3294 6068 7261 341
31 7849 7643 4172 3423 2772 8551 152 3405 462 2013 6504 7629 1555 9500 9247 8815 9952 6976 2034 2226 5026 3433 2974 2461 8576 1638 282 7926 5257 2969 1697
25 8103 1711 7245 5831 6032 9606 8438 3126 9990 9554 5802 603 4218 9279 7248 2246 8233 9726 9550 1347 4450 7457 3196 4916 5921
28 5835 8227 3972 7699 2578 3702 2051 404 2352 4165 9407 9055 9439 7811 6224 4471 6400 8023 9070 7961 483 9259 8157 1646 4484 8647 8323 3504
29 5482 2841 6113 4144 9752 35 9494 3858 2021 6457 9455 8864 2165 2800 8601 9560 297 3088 4606 2302 7287 4927 3946 6325 1404 3436 4539 8392 6246
29 9106 2864 7539 9568 554 8952 5324 3937 3051 256 3651 7927 1849 2256 6653 1571 1927 1567 8999 4129 3567 1050 5381 2987 8965 5300 5849 5092 3226
39 7138 3491 9888 8220 3883 8394 4922 4632 7494 3640 3339 1398 5566 1608 9909 8798 8746 9238 5228 670 1871 8316 1694 7522 3136 1952 710 6809 5782 7792 6939 6896 3178 2985 7424 1473 8784 4832 6189
39 1134 2335 4392 8835 4099 702 6168 1014 7394 8356 2012 2236 3757 7144 7957 1257 6304 5063 4839 4112 6539 8175 1819 8688 9528 307 9626 8113 5088 9496 1912 7687 882 9828 3173 5787 6303 1022 1875
31 9581 2765 5130 1896 5967 7343 1080 7721 4739 9549 1604 7078 4370 5568 7876 5297 3286 3194 7958 2463 9411 4925 1171 5745 7562 7301 7895 1626 1305 6929 1136
33 6781 577 377 9764 6154 2803 4989 6347 23 698 1734 7395 1365 2332 5941 9745 8022 2574 8645 7916 3058 1630 1535 6417 9920 8397 7821 856 1576 265 8898 1445 9346
44 4467 3636 2584 3831 2813 7380 5475 7402 2777 665 7042 3333 276 7120 5462 7458 7894 659 3763 8992 2138 3090 7809 7025 4074 1201 5335 5602 6193 7057 9493 2438 5452 4810 9603 6840 7713 2257 1287 4791 1484 3232 9577 6091
39 6599 6430 9282 1113 7183 1186 34 191 2604 5938 1037 8130 2469 9219 1756 9520 8584 7880 7278 3182 9619 135 5848 3893 6735 1929 6137 713 5577 5449 137 5518 3626 5685 5285 9064 4600 9113 2881
45 2870 7653 1846 286 3775 8568 9130 9190 1053 1465 9076 6312 4630 8322 6944 841 739 9425 4457 8262 5347 1847 1467 6895 6451 645 5487 6302 5631 1973 4103 3293 1950 325 2180 458 8084 5337 6335 7523 6141 2627 501 9293 6881
41 1179 1717 1574 9180 6130 7851 5604 558 9284 5524 6021 3384 8595 9304 7335 8120 7516 5997 2971 1612 7203 5522 216 5353 7869 87 4885 8943 7108 1887 7778 2888 7159 5094 8930 6913 2448 7156 3601 5681 7315
39 2717 5954 9248 9887 3025 8961 4660 9361 9933 6445 4200 1429 9362 9393 5390 6547 7240 8256 3745 8460 926 9954 5969 2522 1647 223 3108 920 3805 9717 4118 3135 9778 9535 7677 31 8830 4913 5918
27 4891 8725 68 768 4082 6255 289 6731 2917 615 6188 3850 3063 559 7586 8762 7853 8419 6549 4928 7716 5091 2716 556 5618 5204 2587
36 1566 8019 5895 9804 9592 6844 9462 3262 2030 995 5175 7387 1395 5694 6741 1856 700 9712 8362 7238 1052 917 4555 8310 1195 6724 398 139 2117 8789 9063 7518 8979 3472 6587 2936
28 3039 9191 389 7177 605 4355 9721 689 1620 2846 4262 9420 8552 9057 3584 3695 7184 183 7218 834 299 438 7956 2703 6901 9023 8880 2810
28 5959 2221 3238 208 4887 4030 2687 1525 5278 5100 6233 5490 3508 247 4070 744 5498 8495 7403 8416 769 9573 1255 2528 7555 1235 2719 2623
25 4611 229 3907 1241 3934 800 1306 7835 2062 4713 9694 2540 3963 3674 424 7133 4451 5099 1949 7810 5569 127 2308 4767 9918
36 5266 9428 1025 1302 6212 3520 3904 2310 7163 359 9419 4509 7500 6512 3319 1013 803 7365 1645 1311 4265 6899 5184 6239 9450 7480 5589 8188 1443 5342 5560 344 2157 6480 7326 6627
35 3190 3766 493 6669 2698 7781 3492 2496 5467 626 7115 1339 9584 8971 6556 1260 8439 158 9921 5509 9545 4604 2997 6682 7582 8303 1252 9429 5444 6605 6355 50 7048 4014 7996
22 6261 333 1062 4796 8170 1217 2339 4192 3033 3103 7840 9127 2052 1885 4779 2326 2723 823 7666 4346 7697 224
31 3922 8858 5455 2701 4001 2166 4677 5744 8154 8469 9006 3167 5074 5793 1498 8599 449 2697 9674 8563 2816 2196 814 4108 1374 4222 7938 3074 124 3642 7917
29 8033 691 1999 7080 6638 8924 489 675 703 2591 2748 7751 6824 4542 9093 1680 4438 3043 1225 5484 5037 6403 1480 6232 7762 4837 1006 7444 8763
34 5254 9155 2182 929 3240 4057 4166 7708 6497 7984 766 397 8201 385 9898 9660 194 510 3124 55 9618 3820 7225 5043 268 4464 1077 4675 6761 6916 4561 4197 9916 2155
35 8232 3471 8841 2195 8327 4185 9808 7111 1725 2928 5533 521 6829 5073 8384 6298 241 444 9465 5762 9086 3561 3538 7505 8777 1470 2721 7770 6490 2311 8696 4789 2980 6148 4329
32 8141 6340 9014 6950 3267 5990 2167 6971 4083 597 1166 5309 1709 642 1774 1482 2759 5135 2702 1743 5143 786 8430 3996 8747 3998 3727 4367 2273 8585 5970 1665
33 8786 8565 4507 3099 8949 9175 9612 780 8454 7441 4089 2548 6684 6908 2675 4800 1613 7206 4164 8116 6589 9965 1534 6391 3990 4427 1687 520 3613 5728 7123 7850 2267
23 1434 8207 956 6036 9235 6057 7727 7071 2647 8915 8883 6892 3814 6306 8703 892 3354 7544 2134 8805 212 2217 5065
23 2234 9669 7109 7625 1735 8611 1838 4723 4813 6836 6772 5504 8759 8982 4850 3352 6076 3457 3308 3289 6842 7805 1911
23 8450 2391 5022 1854 6919 9314 1610 4577 3981 6192 1056 7740 6009 1156 7055 7659 9503 3022 4877 4590 2119 5161 3345
36 2822 719 602 1572 9166 6671 8523 9913 40 7707 8872 1505 1693 4958 7664 2457 5322 7875 6856 5327 1517 2861 1065 5663 7454 315 7113 9962 79 4666 6920 7899 3876 2678 4978 5666
34 1959 2368 2037 9811 9286 3291 5181 1267 3644 5850 6902 7401 1248 4430 2878 9370 4919 8371 1483 4546 9290 3790 9749 8300 5047 7507 9271 7255 7137 364 9505 5948 8105 9782
35 9670 3128 7574 7787 3833 6888 4751 2000 3027 5917 9073 8063 2746 4250 1659 2961 8274 6364 5329 9654 4147 116 4160 9283 471 7881 1351 4704 588 1476 2605 7542 415 9517 516
26 2734 78 5679 7230 1560 220 738 1236 7038 1007 9442 8150 51 7388 1452 4970 6180 7333 4020 6408 4337 8307 8470 8932 9404 4419
27 835 5116 9817 3811 5263 7650 3417 4697 9825 2470 6550 8668 2590 4921 3402 1145 6591 8378 8942 631 9730 2023 2750 1475 1765 6153 6647
21 1579 6507 3598 4909 3044 2244 1675 6756 6015 1980 5189 9919 303 8868 1087 3414 761 2545 3542 6981 9109
27 3016 6812 6374 4050 7992 3122 4718 3565 6749 3377 6996 3034 6757 4420 2893 3000 672 7640 6525 6397 8187 4556 5050 8583 1928 4897 7568
41 5832 3060 3117 4506 2098 2993 2452 9215 7822 7798 8053 515 795 8368 7670 1873 2056 1294 568 6345 7739 7813 6288 2660 9998 2229 2839 8379 25 6659 6782 3706 3841 809 6248 1815 7417 4659 7502 1635 3810
31 3709 53 8421 6292 7286 6766 2677 7381 7468 4263 4900 3388 1307 9126 2080 7459 5737 6786 774 9239 5431 4301 8806 7254 6733 4075 4275 3748 2507 6575 6588
25 820 3781 130 4309 5911 200 6523 4500 1020 6187 376 922 628 7948 9653 7808 9405 2272 1426 6514 8382 8342 9080 2345 1071
27 2603 2922 9340 8128 3383 4622 9033 2747 82 5460 5925 4652 3313 9056 4100 9372 6115 9118 2404 8038 3974 2837 1844 7372 8853 316 6858
37 1826 1492 3772 1842 7543 9382 434 2906 9754 9272 9485 3556 6318 1319 3839 2671 7233 153 6338 7676 8425 2113 1903 3539 3591 3309 2089 7169 543 4209 3163 6052 3868 7474 8216 1503 9838
29 327 5260 9872 5354 1472 1599 8085 2146 1976 3871 9762 974 5293 2511 140 4658 6166 8396 7283 401 1722 9834 1755 6031 6834 3994 2901 126 7655
23 2921 3476 5349 1588 8006 5857 5596 4387 7227 4443 9673 4902 369 2631 2449 6926 9623 3583 8731 396 166 711 4625
20 6975 6395 8463 7202 2303 1304 3784 4064 3137 3211 5825 3718 3245 2473 6957 9438 3645 1323 120 3008
36 7674 5801 1024 4560 4710 6563 5748 9491 2001 4388 1310 8588 4785 3923 8390 1544 4637 9091 6726 8667 7081 2798 2341 2445 348 5469 9578 3930 8736 2264 4058 5723 4576 4347 6906 2451
34 2635 8607 3288 9692 7448 9632 9128 5310 4717 4279 8829 837 9571 7675 5451 2369 5786 2006 5205 1073 6116 1162 146 3688 4468 826 8940 9977 4979 2712 453 2834 5548 9607
45 4523 5454 8854 5634 5046 9742 1772 4442 2304 6936 4415 3318 6354 1023 1069 7282 6954 7924 5270 9877 3753 2251 7018 66 6540 6462 1068 6362 9325 1122 2806 985 890 6066 8287 8888 9318 6415 5882 6660 7386 1227 4954 2907 1655
32 3353 2440 4236 1380 1210 3845 9263 3412 5343 565 230 6795 2176 2061 893 2835 3631 8989 5259 6206 1097 3241 8722 8661 9434 211 3732 1850 4142 8987 12 4695
32 6423 4400 3150 9454 1431 59 4667 9179 2720 5497 6763 7682 7884 3321 4343 3359 5154 1789 9471 6649 5733 2402 2131 7447 9597 9867 658 4211 6608 7121 4138 730
27 1813 6808 7590 1965 9111 962 9997 8049 9735 5171 5396 1888 7561 9725 2947 5652 3250 2757 3689 4968 284 8306 7477 9161 4962 9100 6235
28 2038 445 3696 879 6112 939 760 9289 848 204 1960 9116 1695 1698 775 3639 2172 1209 8219 8981 2749 4682 9347 2776 4380 4895 8582 2516
27 175 7161 4181 1923 7980 5144 2775 6322 9961 5434 4588 1519 1182 7623 1046 7143 5773 705 9779 4618 4405 8923 4038 6513 6883 8070 8037
29 701 8530 2085 5201 2981 8109 2204 8329 6873 1963 6953 2216 904 1117 52 6104 5248 56 830 6396 6353 335 1906 8138 2665 5061 2214 6135 4690
34 4764 3875 3440 6933 2854 8193 3391 6313 7526 5951 7039 9029 3686 2010 9588 4312 8882 8490 3888 2237 3213 7758 1469 3852 6054 2374 459 4155 8302 2844 6017 1793 8194 7820
19 9601 6815 6278 5086 8575 5023 9973 2811 7200 3789 3097 7897 8556 3909 6988 9687 7907 582 5255
44 4119 2855 5965 5794 487 4318 6664 1036 5127 7384 7060 429 7864 961 9115 4530 221 4116 8258 3364 4201 5311 2943 5064 1168 8347 2857 584 9278 8482 7563 4787 7141 1506 889 859 6503 7731 8514 8387 2456 966 4923 6680
28 934 746 7828 3236 421 627 6718 8920 9533 9939 6651 1444 2153 3795 8035 9043 2682 5450 729 131 6850 8336 3509 118 1274 3521 5813 6441
28 7782 4662 7229 474 504 9874 6868 1165 8957 8055 2887 8801 5265 6544 5132 3401 99 3031 7350 8091 4102 4536 6709 9805 2093 9143 1367 9768
26 2851 5062 1386 9988 3256 7937 5318 5580 7359 7201 4828 1564 2355 9072 2262 1054 9668 2872 9400 2362 1518 5527 9643 655 5284 6546
22 2805 13 6683 8286 6620 7323 779 3139 2914 4096 3166 7484 858 9666 9021 3013 6468 6372 7 2197 1543 2504
29 526 2330 8492 3951 5128 1417 9984 1422 8910 3191 5124 6941 9792 3329 6083 8048 6937 3572 5872 8456 267 8075 7567 5011 2619 7465 8127 427 2329
27 6042 138 5138 5274 1730 4880 4831 7043 1314 2413 4748 9261 4335 4845 9174 4056 9345 9574 6536 7717 6499 3510 3015 1010 7789 3962 4678
42 9049 1587 6424 601 5147 5673 9688 3756 2607 1595 4671 8740 5973 3783 3667 4858 7872 4472 1898 4460 9368 9309 4547 403 2316 673 4602 2704 831 3446 337 4157 7363 4269 1284 5649 8360 2213 8180 7608 2659 1363
29 8097 3656 6686 2136 9133 3439 5821 5277 8859 3692 234 7171 3657 8990 5731 3602 1611 4216 9843 8354 8280 2160 7456 5107 6090 519 960 9600 3227
28 3155 3524 9150 6516 9515 5258 5945 4527 1676 5133 6097 3246 9250 3879 6386 986 7150 5980 7023 7510 622 4563 2162 9680 2905 8772 1811 7440
30 5057 2636 4469 4248 294 1133 4264 8493 3340 8477 2014 189 2372 7053 4378 6223 2753 14 3666 847 3466 3768 312 8088 7520 1119 621 2059 6722 4940
15 4071 1577 1776 3707 3764 9406 7091 6914 7005 7242 5272 3327 4154 9903 1718
33 1769 3145 8724 1926 676 1009 4069 8442 365 363 472 9634 683 3926 6670 1453 533 2348 8621 1353 7167 1941 3880 4333 9102 4820 7930 2385 4274 4594 98 277 2288
32 8099 1751 5654 1283 7728 2992 1825 3817 3220 4146 4191 1955 1286 1565 9530 7093 2164 4742 3761 7391 767 4569 7342 399 5870 480 7050 7107 3663 1651 9799 8314
22 660 4009 4655 3854 1784 5010 3625 3420 1368 6215 2913 8335 5791 8255 407 1047 6802 5979 6297 3750 7947 2107
21 6392 4501 4754 9460 5721 1745 291 6753 3733 9027 5312 9267 4591 4914 8283 4815 2476 7601 640 6564 9015
41 5919 4960 7606 1512 994 4303 1925 4433 7487 3503 6001 534 5423 2147 5680 952 7603 8277 7607 1253 4544 7195 2428 4617 2082 5943 5842 1439 7763 2475 4207 4027 9085 5458 992 1026 4000 6316 9602 4619 7194
26 9435 5333 3177 6167 4015 499 6862 1915 1524 32 7953 7831 8550 5931 8331 6827 2602 6964 9518 4007 8405 378 8484 1446 578 3082
36 9714 6956 7481 2769 3172 3331 1016 3347 7743 5474 6800 2373 9035 2114 866 1507 1170 1249 1458 4829 1308 4551 5479 1536 418 9852 3204 7999 6064 5087 3207 624 2544 2616 5779 9841
24 7633 1448 6444 8701 2101 8111 7117 4031 7612 3010 7663 2944 802 7564 2490 6247 2641 562 8809 5650 6798 4680 2371 1921
30 7148 1271 3929 275 6463 8566 589 1740 679 9172 5223 3215 6715 313 373 5075 4498 8156 5927 7832 6967 4073 5009 2427 6833 6828 8110 9285 7152 1990
29 7324 7611 9773 6554 6262 813 7955 5035 3608 6453 4280 6611 7124 9757 8051 3400 7410 8269 6336 763 807 2934 8635 5785 8985 8690 647 1766 6491
25 6197 1187 873 338 6681 1631 4018 1882 1301 5407 7409 7037 2390 2315 8498 649 756 4991 5722 707 6645 7595 8640 4422 2467
23 2672 993 4616 2517 8246 6643 7768 1149 4758 5769 6878 3096 4855 693 1338 6058 500 6285 3900 2718 2075 7004 8548
32 8849 9246 4581 6826 9467 4799 4889 1081 1526 4732 57 6414 7130 8254 3747 9758 4826 5920 4012 8929 8100 2094 6921 9001 2275 6311 8986 4257 5372 2620 5690 9307
22 4804 5465 4408 5360 7312 5118 1650 1553 4177 5899 2899 8473 3935 4531 9253 5582 651 8533 1428 3451 7422 3913
31 207 6421 5868 9980 5860 6125 81 908 9165 9831 8381 5796 8634 5878 5159 3229 1837 5847 7549 2589 5982 6594 1057 8340 7945 728 9298 1388 3649 7746 2505
34 1141 7914 4077 2801 8108 6464 9915 7022 5412 4844 7753 7082 6183 6530 1606 6492 1828 827 3115 7548 2455 3066 1869 3351 6907 9034 9020 2559 8058 8708 6356 6633 3218 6960
28 8995 9445 2912 1258 380 4454 9495 3035 3548 5404 8512 9303 2877 8115 9810 8614 6518 6110 2831 5203 9468 4324 9972 4699 951 3467 2789 5928
28 1109 9273 2555 1076 7087 2238 5875 7142 7105 2708 6078 633 7673 6146 6725 1240 9647 5628 4010 5816 4041 4505 2454 8879 518 503 85 7796
34 666 4473 5552 8453 7337 4628 4286 8663 706 3777 4174 5592 881 8253 7906 1548 3273 1736 4614 6607 8242 1977 8587 6249 4812 7241 1157 1324 1438 2347 7411 253 6614 6207
33 3815 5912 393 2018 4323 6500 9504 6411 1689 1493 1002 4127 1908 8755 9846 4987 9432 7685 6383 3154 349 6909 607 942 7619 3374 5225 8902 8637 9987 3918 3159 6598
25 2378 9243 9447 2512 7638 8540 2049 5772 1411 3429 7661 2286 6471 3730 9389 5288 7446 2471 1859 5774 7861 1540 4771 8167 8964
26 4852 3076 8884 171 9955 7299 4722 8913 9067 4032 725 1814 7193 6243 1703 5892 7145 9369 7125 4228 5398 4580 8750 1385 9094 5216
23 3363 570 9042 4957 9019 8937 949 2289 4017 2184 5661 8821 3416 5417 8435 1262 8196 4557 9046 9210 7818 9022 953
17 671 4152 3755 6481 2710 1797 2689 9690 9835 199 6075 2319 9509 535 148 3690 347
33 9321 2652 3623 6000 5896 6866 8679 3040 5157 9308 3683 6711 3813 2040 1460 9323 8867 7221 945 867 2199 1129 2529 8485 6694 1966 6838 9557 3842 9170 2143 1550 592
28 4661 9662 8440 9120 6299 3001 5323 9394 7349 636 3846 9871 4952 5018 7560 3552 3571 1341 8770 6260 4366 442 3710 6447 1115 5809 240 3554
29 4760 8057 7794 1197 9384 1325 5244 4292 7614 6185 7009 310 7844 3125 8984 3007 4653 7634 3915 8863 4772 7469 6109 2054 3993 5227 9837 849 2497
25 8346 1917 9648 3203 1433 2020 1034 2070 6443 7003 1265 7635 9926 6401 6259 9101 6661 8363 8203 2491 1762 7280 573 977 1596
18 5500 4867 6822 4639 2542 6296 7308 9312 4434 8692 1757 9396 8825 509 1798 6203 2779 8061
20 8709 682 792 8594 6710 3300 1223 1879 6484 8015 4098 2560 8901 6089 5824 7801 3349 6810 3403 3829
22 4753 9785 4 1123 629 8046 5126 2053 2960 6510 9287 9359 8847 8155 2271 4357 3638 2898 4905 5950 65 7804
23 6845 8234 7406 4302 4044 7483 4640 409 6456 564 2593 2130 3499 6877 5755 1 3184 5341 6541 695 7354 9342 7972
18 7662 773 816 5148 5226 33 1238 5670 8968 4431 83 5096 4693 3869 1940 2751 9074 692
36 7427 2163 1863 7985 3847 7361 1674 7408 8178 3675 8238 1317 525 2629 9529 3488 6368 5162 3477 8630 8348 7012 1706 4285 4781 3296 765 8275 1155 4173 8009 8629 6301 9958 3143 7364
26 395 6221 941 4486 7412 8377 7651 7462 8413 6693 123 3131 7558 461 354 4143 3428 9199 5891 8705 1510 6241 6911 451 4592 8928
20 9211 3968 6973 5826 9397 8613 1178 3100 9173 6918 7767 1215 4982 1569 8785 8449 7903 2786 7593 5365
22 9488 9288 4246 5478 6618 7572 1373 5315 8793 133 4749 5646 481 6739 3408 875 1500 8032 1397 9969 9255 7341
33 4398 2381 6062 3693 2241 4122 5984 5334 5903 3987 2860 9836 2664 2243 5397 2513 4178 3464 6665 4583 7860 2235 3723 2462 3418 1806 2074 9176 1586 4510 8236 7294 7854
30 1466 8698 7723 9719 5066 3558 8263 7316 1219 833 8628 8602 8318 6138 3546 5279 8296 1206 2370 4002 9355 7587 30 4328 2047 485 7100 439 4517 172
36 9543 6543 979 1961 4104 261 6160 4110 5763 1671 8877 5027 213 8807 5833 178 2077 6742 7514 2695 2364 9297 2321 2650 9532 6805 7862 4755 29 4729 8905 2731 9873 3444 4111 8479
39 6891 2954 6265 9131 1021 2048 1597 5456 4983 7865 9864 2644 9546 9585 6128 2646 353 7989 7247 6082 1796 5662 492 7732 4086 8671 6775 8161 5807 5017 3098 9452 7843 7008 8151 5002 7886 6173 5410
30 9858 4765 7173 7329 9756 8790 7467 6522 2426 4290 1292 9158 9280 9490 3095 3368 2686 6399 1135 6789 6087 5929 6019 7571 9663 2628 1546 9710 2572 9860
26 9960 9761 8250 5071 2722 1792 1092 5420 9908 8907 545 9 5581 8414 1763 6962 1346 9144 9896 3263 990 5256 6673 3120 8953 5491
46 5798 2715 3950 4436 5298 8264 9350 3243 7213 3515 8857 3434 67 9736 7712 2724 8871 5732 1137 4351 9326 5752 751 4120 1495 3231 7129 1224 324 5572 3792 3365 3217 3017 7311 7182 8845 8994 7616 2938 7604 9112 4615 5361 6955 6830
29 3902 2847 8406 2323 6283 1644 8237 7931 6572 868 7983 8832 7766 5292 3102 6323 7795 6803 4932 7269 797 155 7085 5656 9048 5172 2067 1327 7997
21 8404 5742 4478 4692 2175 6675 9885 7243 4109 6998 8843 4847 3432 4187 6458 1984 7913 1455 8811 857 9523
24 3233 2830 4107 1677 147 2247 4822 5906 2842 1489 5974 5643 5098 762 1471 5799 935 9924 8535 4407 5430 8893 8916 8771
22 1764 5668 4621 8873 6817 4550 9186 4348 3130 2843 5900 8617 7859 5718 270 1101 7959 1570 6548 9536 2894 2084
23 8267 1340 5506 6393 9862 8734 5083 7377 2946 9683 5040 9659 101 6334 4740 7834 1848 3928 9610 2503 8527 1315 511
37 8561 482 7132 957 7382 4494 5535 8468 3169 6785 4730 1996 6622 930 3225 9531 7824 2120 6432 6991 3641 9701 2259 72 829 6825 5250 5339 4537 2796 5016 5232 3527 1957 2862 4998 5698
27 3075 7901 5944 6668 9820 182 4227 1795 1715 9678 6470 8235 8441 5401 6472 8677 2527 3458 4072 5746 2773 9840 9444 5845 5489 5851 9354
35 724 688 9095 2965 5585 2752 3323 3557 7769 3272 2782 8093 2132 6406 8066 3269 3393 3343 3378 2625 490 5655 3737 4924 5636 3223 5571 2072 1978 5196 7164 5711 6181 4412 4364
31 7760 5213 7529 817 8906 422 243 8876 8974 1118 4929 3863 4774 8860 4972 1273 9746 5709 5805 2170 891 8559 5466 6783 4840 5907 3406 6014 4964 2103 63
35 3198 2933 5675 9459 3844 8050 8756 6105 8569 609 7340 9228 4295 6429 9845 9507 5287 8900 2133 8313 5264 5995 8467 7293 1663 8229 8719 641 4254 4585 3769 1001 2249 8636 9604
32 2091 7313 7084 4926 2106 2058 343 9565 6359 8897 7296 1174 1920 4428 3147 643 7344 2970 4492 5989 8429 9017 6759 7285 8291 6571 5630 9088 7303 6290 8739 5747
24 2711 3860 5313 5424 7784 7352 8142 1761 1661 3806 613 1623 8626 4860 7208 3222 8795 5019 8922 9193 9071 3985 7729 5621
40 6190 6985 5610 5224 4942 555 740 1760 6027 1592 8251 8812 3887 1120 8211 4055 3069 4241 1423 7407 3771 2354 6024 4511 8345 3382 4743 7258 5477 410 1372 3627 4651 18 8515 7094 9576 6784 7396 9045
36 5645 6871 5112 7253 8624 9751 5210 2433 9437 1707 5296 3803 2541 5935 9733 5425 4382 4819 5076 9197 7378 1383 17 536 5236 7181 1780 6487 2128 5415 7070 9005 3485 4208 845 6279
36 7256 3704 6557 2418 6093 8297 8969 2005 4278 3537 1229 1402 4136 798 8189 9051 3199 3065 5993 5664 4090 1702 3371 599 6120 4868 355 2420 7433 8059 8173 2626 634 4798 6537 5561
27 8502 2693 5942 8464 2071 1269 5384 3545 4277 4213 8597 1732 4299 755 9487 1072 4283 9789 876 9364 4459 8241 486 860 7090 5593 4714
33 1660 9850 8432 1410 6363 2756 9803 4795 5435 4521 5090 4363 7419 3825 6025 6018 5800 6220 7172 1783 8997 9985 7083 8102 8163 4971 293 5922 2363 4462 8695 2501 5280
32 8372 3452 5336 5613 5939 3856 5049 3373 3259 6237 7691 851 2744 5887 3481 6256 4515 741 7785 6951 2324 5519 3751 122 1108 5521 8683 2681 5208 6835 9154 8799
26 7735 4574 6099 1028 4562 4931 4641 9178 4559 2552 7268 6156 7692 1667 6483 557 214 8610 1382 2283 2581 8704 6305 617 9748 5507
25 4801 7566 3505 3703 2295 6727 8222 2539 2044 2019 9830 8200 4240 6736 8800 2361 3969 7814 9234 3736 5576 6797 3848 4416 7508
28 1377 6676 7891 43 7392 8004 8486 9220 8728 5720 5048 9800 9796 6706 1413 8702 6326 3253 5393 2173 9521 7067 6602 10 8433 7970 1393 5344
25 8039 8445 6005 5705 5395 5834 7056 646 2598 3142 8496 508 3973 9337 2208 9897 8086 4409 5765 186 5981 2437 749 1184 9802
31 4830 5534 5082 7845 8646 7580 5403 4792 4873 8769 8899 4696 669 7757 2185 3895 4059 2411 2081 6131 4036 1031 7987 9900 6867 9774 1486 3057 9422 3421 2189
28 9814 1130 4948 2840 8564 250 9182 70 8813 5405 9497 2923 527 6143 4601 522 3129 9566 104 8729 3230 9608 4176 1150 3334 7559 1298 75
28 750 5030 5041 6348 2137 9590 4941 7802 4374 1459 2666 5072 8140 7585 5692 6081 9146 8079 5445 2282 7376 1834 1812 9713 8043 2691 9320 6947
28 8299 1807 416 6016 7679 6242 2468 6519 2788 3176 3487 7374 5192 6252 4094 6905 3884 3012 6034 129 7092 898 9433 1479 6377 677 8305 5991
36 9890 1824 5149 9685 9522 9352 6474 3064 2003 3019 8958 3205 1688 6225 3609 539 4943 1892 6208 2683 4448 6050 4085 7210 5640 3823 4403 7224 8308 6534 9767 6404 8062 5033 6413 9770
22 7545 804 9740 5612 184 662 6574 9502 5550 911 4266 334 394 9311 7095 454 2127 3493 5402 2123 637 8978
24 2563 1590 4327 3694 1093 2232 7960 484 8089 8889 3986 2852 5611 2287 6466 2379 3699 5180 6865 5473 5988 1791 9163 3021
26 2414 6889 9880 6738 2679 8861 8844 5441 8007 2508 8491 3728 7628 1652 6695 8021 2932 8212 1318 1974 6041 2088 6358 1313 561 1522
19 1788 1293 2873 7773 4745 7338 7981 4504 384 3392 1618 6350 3073 3939 3673 7319 340 4793 2291
26 3581 2202 473 5619 5368 6990 3335 7330 580 1029 1936 5093 7346 3828 478 6678 8676 9744 9402 2063 1790 9069 9927 7900 6269 8240
24 5703 6488 4338 4797 4390 3878 2353 5574 9096 2531 6295 6813 1919 2988 8016 9265 1902 9206 6196 5725 9615 9869 5712 9358
17 5233 4567 1794 7915 6409 1352 6060 339 1621 3550 97 7550 9335 8742 8510 5599 8712
26 1387 460 1895 980 3500 2179 2318 1256 8862 3315 6380 6837 254 5573 7498 3498 7360 9620 2294 9291 9953 2007 9882 4747 7911 6576
25 4634 2057 7870 899 1138 8012 6634 9675 5579 5080 2818 954 2833 5874 3812 2979 8444 7943 8973 6465 9652 9878 1728 2398 3157
23 2156 9031 1125 1192 6416 3455 7952 7158 2622 6859 5413 5480 2116 2174 1336 2690 5672 1989 9691 2376 1685 5677 3840
27 7642 1468 2793 3612 6150 4455 663 6361 2853 1194 6535 5510 9854 4306 2011 1870 9464 8764 7737 1231 3369 4042 8779 1281 1682 8554 8068
23 8896 1175 8699 1245 6385 5055 5803 5691 3419 967 6685 463 4725 5271 6289 441 5276 5471 4384 7741 8658 796 9423
33 2996 8654 1985 8697 5949 238 8047 54 7935 997 8185 6930 4244 8837 2425 3068 3916 7826 46 9294 3999 8656 2688 3053 1202 2579 6370 3087 3221 1297 4516 8619 5178
37 4759 9097 2158 6979 5302 8349 141 3037 8005 6186 560 3585 1418 3514 1664 5741 3004 1884 9083 5103 5139 1116 4441 3749 1384 3200 3593 9682 9722 8738 1953 1658 1333 1263 3760 9697 5320
28 9696 4260 8545 1956 2890 6102 5968 4734 5556 6615 431 4657 877 3502 8963 406 8334 9010 3003 440 7975 9706 708 2964 6022 1714 737 2016
41 2648 9957 1556 3630 4951 9747 7922 2169 117 674 2674 4809 3604 7541 4874 4432 1083 8603 1242 4124 8159 1188 2632 6851 9630 5340 5150 1296 3933 1605 3658 732 3438 1997 7734 6631 2670 788 362 8816 3570
26 3827 846 4195 5117 3898 5170 4358 4273 5142 7190 3061 5505 179 19 723 3726 542 142 206 9061 9036 9124 6360 2268 3138 3404
18 625 1204 6425 7866 6747 3298 2292 7912 2419 6987 5563 7874 8612 988 5795 6065 5823 2994
18 9360 5751 2526 6485 8687 1280 6968 4737 2206 2299 4836 3566 8069 9114 455 6561 5418 3188
20 3210 6566 794 3905 9457 4003 902 8680 3303 6004 9105 6194 7266 7905 1295 2518 973 722 5193 3399
23 1415 6770 3326 9943 2538 6084 6666 2534 9672 7962 7112 1392 3740 2662 8230 7963 7658 1005 4326 8895 5526 8631 4418
32 7186 6778 6294 4996 6819 544 8936 2168 1575 4825 600 3415 8826 5775 7515 3677 5688 2022 9171 4899 1901 3712 821 8112 1930 4320 6077 2008 8272 1464 5054 4890
42 7855 9443 2086 968 8418 4903 1639 4247 8627 9339 161 4101 1147 8908 2015 9681 6079 4106 1161 4133 7624 6307 7600 9306 9377 6420 4121 9374 2588 5358 7339 3165 1331 5319 6848 6317 374 7923 8247 2478 2957 5007
38 3832 5837 9727 811 3119 1040 9257 144 7982 69 653 2918 173 1865 3297 1322 9975 6609 1349 7873 2949 3437 1537 2110 6617 9525 2231 386 2592 7168 9195 3549 6199 2284 7073 2824 9181 547
29 7297 1421 6794 2279 4314 5229 8651 971 356 9949 7450 790 1011 2078 7990 5411 865 7404 781 4727 2714 4750 3576 6349 7736 7991 1937 4995 5486
24 7047 5492 7598 80 1342 5218 3281 2337 9781 6328 8917 8760 6893 5268 2125 4752 2488 4706 1877 5359 3687 1106 6240 2480
29 1752 9498 9268 6677 357 3036 1897 5687 2083 8988 4204 2577 6993 8796 9794 8529 7819 921 6477 6158 5814 2285 3239 9353 262 8197 2211 2968 969
28 94 7511 5528 7695 5553 7351 3186 2218 1913 2024 975 209 311 9203 3020 7007 8422 4522 8304 151 4920 269 8136 317 3970 1607 6094 371
17 9718 3316 747 5109 9625 6123 1861 9087 9857 7893 5956 616 6059 2537 7791 7106 1939
20 8948 9213 1600 7367 6177 383 257 391 1290 9842 4857 7284 7702 9357 7198 7920 5089 9082 5591 4268
33 7006 1855 8649 1767 6331 2624 358 9720 8294 5701 2610 5442 4294 4603 8094 5299 9119 9427 2568 8461 7357 2726 3577 9819 7197 5234 9542 4811 6972 1369 7649 9895 4087
34 3209 2351 1139 8118 6258 5129 3698 2228 598 2258 4307 2920 704 2301 8970 1777 1329 9964 5367 7118 6716 5379 7325 4778 5145 8357 3338 2102 3864 3084 5665 4688 3024 3101
37 3720 2583 7637 9242 5901 6427 8292 465 1883 4158 2802 413 7610 7036 569 4782 7491 7035 7276 2424 4633 3799 4232 2727 7155 5199 3162 4911 6346 632 4999 2732 3559 1686 7521 581 4526
34 9157 4716 2395 5436 8765 9907 7485 6267 5079 320 9327 9798 1326 345 6010 5219 8278 3011 1102 2886 8420 6527 1775 2694 113 4571 6745 652 2367 1648 7577 531 9212 694
29 862 60 996 3170 8577 2410 3489 7356 594 8330 84 3941 3801 9050 7909 9564 8295 6521 7700 1876 7499 549 1230 853 8244 103 9586 3719 2099
28 2198 6461 1779 6234 4219 6284 4856 1309 38 1557 3431 4168 4882 1169 8972 4496 507 6505 6900 4719 7479 3945 6394 4203 6251 8749 1185 7534
20 90 3396 3410 7867 513 1160 7405 5781 999 379 2224 414 4780 5549 2567 1211 3826 8753 7049 4361
21 4949 4447 2305 8751 606 3573 9593 4019 1754 6997 2948 4883 4321 5651 7788 2709 1316 6704 1361 7165 4901
23 4980 9104 6030 4529 5601 9281 972 5304 5078 2827 1748 5626 9519 2486 6831 7565 4528 6569 3948 3522 368 1916 6442
36 2713 5097 2550 5557 6970 3618 9974 9139 8162 6922 1562 3780 2230 6069 3379 301 7385 8031 4686 6691 7250 3307 1982 2575 4024 9379 9859 1018 7553 8024 3816 448 2487 145 8941 2807
27 7639 2252 9385 4217 4311 4724 252 8541 2320 3506 2050 7939 1003 4934 2951 7353 5493 9946 9341 2733 162 8101 1266 2829 5481 9349 4256
22 8730 8052 9224 5696 3949 4377 3192 8518 425 4726 5770 2171 1771 8489 7273 1107 3938 2904 3148 9914 7936 9741
28 2297 5966 6482 2524 3443 9229 5706 7719 8131 9728 585 3461 6696 2939 367 9783 4853 9911 165 5155 1061 7228 4733 6012 4735 575 8501 3901
31 7175 3744 793 3770 2601 6163 4062 5904 715 680 3047 1616 9734 4894 5764 2328 4884 9524 20 8846 1801 3161 5375 3589 4548 7764 9388 8298 7772 3634 4188
30 27 9891 1427 9274 2955 5869 2465 916 5695 7069 611 5978 7126 9122 388 6132 9028 495 1447 5140 1328 9004 2483 3838 6821 7852 6271 8290 8887 6898
24 3235 8693 7482 2036 4391 4784 1907 610 8526 3722 8500 9184 4564 3944 6048 9598 3029 5888 2159 7954 5328 5305 6179 3870
26 8383 1491 5345 8431 7929 4870 3855 2140 5400 1390 6652 5163 4524 9310 2100 8808 4401 8509 1584 2118 5841 9480 4848 3758 1270 8317
31 5388 2472 9079 2293 771 8620 7393 1679 7745 5366 1516 2780 7941 914 3894 9923 112 8276 193 7622 7630 9066 5958 4043 2669 5946 1396 3940 7413 3936 8081
27 1359 6767 9322 785 4817 3195 8517 111 4736 2919 9818 5429 7122 6291 2740 6621 8210 5081 5013 5464 8321 4426 783 4362 8852 3030 6496
25 596 4046 5855 2429 9989 1487 1904 9183 878 4140 1226 5818 4565 3174 4756 5622 2108 8459 4026 3796 3779 2105 3274 6524 7747
26 1831 6655 8778 684 375 9937 2450 9936 7024 3774 3144 8511 3982 8144 237 3798 5198 976 5871 1234 5623 8672 978 5543 4552 287
22 1191 3295 5683 1127 9240 9324 1549 720 4079 8723 4375 8931 2977 6811 8713 9424 6545 9473 8071 3014 9788 9642
28 1942 7720 9743 5005 4123 9456 8328 8369 6253 4578 2903 5015 4288 8124 9775 7274 9638 9313 5364 1922 1979 3224 7857 1017 4270 6053 1533 7756
20 8472 7698 7969 3735 6995 2027 8215 3892 6171 8623 6586 6552 4930 1376 2327 595 2729 7490 7718 2611
25 9538 7222 4933 9391 8991 8365 6274 5512 6854 5084 6502 1719 6712 2492 1910 3738 3459 7289 9582 2248 8343 4381 8539 3957 1954
24 6980 6931 6578 9117 5608 1348 5542 15 3480 8249 1121 3705 9233 635 4033 9516 260 7618 3237 2828 8776 5736 5885 7527
30 3628 9966 3866 8282 2573 9416 8840 5975 8476 6277 5843 4864 8956 1933 5913 8925 274 3616 938 2187 86 6963 913 8600 464 4631 2104 5391 697 7652
29 9589 4386 2186 3292 8266 8783 4435 9689 3606 6191 4028 8536 7877 2017 1931 5123 248 3526 6592 2875 9032 6136 4973 3717 7858 2942 6542 2952 6055
30 3632 405 4794 7096 4060 1712 7295 4476 6978 8076 4953 6567 576 5012 6329 8067 8773 4886 4513 4846 6934 6642 4744 5544 6852 4721 496 1868 2791 9204
37 3247 1060 5783 5051 8966 9241 8828 6793 5105 5861 5169 2033 2617 4371 3535 2432 2692 5590 583 9553 5810 1617 4816 1731 4267 9198 4319 5729 9474 9398 2999 3328 9645 9866 6332 9995 9410
28 4805 1670 2858 6910 9044 437 1477 2832 5183 5838 8008 7672 7771 2122 1934 733 8288 4549 6861 1640 7231 7570 9676 4016 699 3483 2340 5294
26 9136 5726 3114 5348 7910 6098 567 5830 6646 1829 9999 64 7591 6593 195 3586 9301 4783 5985 3872 2386 1099 3071 8351 3048 4821
34 9826 6597 7636 1148 2599 2399 7244 8745 7180 7430 185 2762 8912 5879 1259 2924 1103 5839 5909 2730 3853 3470 5754 3964 7051 6529 3357 4206 7786 1008 7599 7461 7799 6751
32 7704 4802 3462 7890 8273 1899 4293 9090 4728 5983 3819 4402 8426 7001 259 1701 8129 5546 3961 7888 9479 5753 9331 6619 2109 4705 7332 426 2406 2661 537 2494
34 352 7030 7449 5637 5433 3528 572 8532 2984 7509 3251 3778 6721 3897 6282 958 4493 302 5419 3885 2227 9534 9156 1720 7064 948 4993 7074 8802 1509 6217 8132 6149 8768
38 2090 810 446 3242 8726 8281 5499 5693 8831 5749 5059 1747 1172 3290 4410 2606 7072 3629 3646 9763 5606 1598 5111 6219 1992 4330 3843 7420 6560 1857 5120 6139 5812 4646 8522 5936 717 7192
31 4397 6687 2506 2570 5713 5251 964 6752 1151 2039 9870 2274 1074 3078 2055 718 8639 9414 2576 8650 3824 4654 9693 6270 8856 2778 1375 6577 44 6717 4984
23 1038 553 1862 1049 3541 690 6412 8352 331 3849 1962 7157 1321 9458 3344 9641 6839 1823 3793 6122 4022 6771 8596
26 3665 612 8080 6151 1758 5829 9640 8471 8727 1370 925 2183 7114 2615 9060 8758 1403 8674 6140 9801 5179 7710 6555 8195 9991 6435
20 3179 417 2836 2205 2768 7800 8013 6531 8358 1643 2790 2220 4276 8333 9901 3773 3655 1628 4411 6051
18 3171 2129 3741 8506 8389 6562 1802 1799 7928 2502 7041 5778 5616 1335 9656 2885 2422 7463
30 8339 1042 5052 6551 9121 4597 3348 4533 3507 8505 3975 6904 6118 1200 9945 4593 894 7868 4608 8520 4490 7647 77 7885 824 4502 4956 6164 4184 9478
24 3551 1364 1691 3836 3049 4788 5525 9329 9703 76 3132 5820 4128 5230 8341 8926 4080 7476 7879 8664 4220 4709 9684 2667
26 3181 5815 3731 784 9537 9363 7725 4317 8190 1221 6565 5594 6111 4538 3650 9893 5961 6047 5933 4445 3980 2393 7711 7281 5789 5513
18 839 6966 3299 5760 8289 8732 4424 4738 6965 2910 9614 3600 4649 2377 5025 7204 8202 6969
24 8152 3361 2633 3380 6912 6211 4304 4004 3018 3802 9658 2068 1173 9047 7438 8133 2580 4770 5164 9221 8542 467 1738 8395
27 3496 4807 1205 3312 9636 3882 1759 530 9451 9317 6454 6367 8855 3314 8337 3356 2416 8938 7102 7098 3965 154 28 2787 5243 1580 9025
16 5241 3903 7464 9315 8904 2760 9218 8538 3786 5977 591 4668 201 1514 7371 9152
28 5008 9797 7648 4341 2562 5578 5964 5214 6365 1114 318 6768 5056 505 2307 9929 8537 6020 3372 6788 9237 6604 7977 1527 8836 1277 6222 6390
23 7946 7918 8462 9856 5188 6616 6205 5639 4251 4134 1207 1261 5306 9707 6175 623 2029 4485 8169 5776 6702 8243 5707
23 6214 9791 4221 5167 4413 3121 5808 5330 4373 3067 7196 7547 4198 959 5316 8633 9099 1629 5231 1820 940 9244 9827
35 476 523 4650 5182 5448 8615 6869 3332 2892 4483 6515 1545 6860 6690 9252 4477 6438 6045 3056 905 8524 6568 3924 3197 1015 3979 2783 5644 7187 6730 5674 6804 6511 9784 6405
30 4066 9942 8927 7015 906 3620 9772 452 8245 9412 5024 7696 125 2551 3983 475 5191 1213 842 7079 3413 1041 3862 6832 3661 1449 497 9894 5032 6626
21 1247 5537 4458 1890 3275 9777 7513 4284 8616 2520 9262 716 6108 4849 6855 8748 8508 7594 8685 8788 8174
21 5532 8257 5166 2346 2096 2500 5761 863 4421 9430 9214 6506 6532 8218 5915 4707 2215 7348 1508 9941 411
23 1424 4607 1558 6410 163 5916 8911 9986 4465 7925 8824 9750 1436 7027 608 524 1400 8 8312 4790 4150 6639 3422
25 4878 4701 9591 2767 7016 3917 466 5438 4215 1972 7075 8475 2043 9140 4572 2532 9188 825 7066 2561 9330 8443 9847 8909 5453
29 8657 687 7976 4186 1554 6073 2154 8933 1750 8754 5757 550 109 3543 2032 6644 1987 6070 5414 3966 4029 192 7738 9563 9947 4698 6266 1105 5877
21 3991 3266 7436 886 7536 1622 9815 9821 1406 9501 805 9931 6072 1619 5538 8555 2927 7631 8743 7841 5042
28 6796 4896 2536 3647 6436 4545 1609 231 5122 7298 4676 6134 3287 5001 8757 3995 7486 7019 5719 8045 2306 8353 2400 1991 8774 9968 3062 2431
23 9992 6658 1521 2609 8375 4703 590 5784 5177 8000 7188 2897 6337 7588 6714 8370 2421 4620 3070 2896 2360 37 3045
24 5595 3762 3953 5053 685 3158 991 2188 5488 7104 6129 989 1832 3617 6165 727 3189 1951 7644 6339 1967 5734 7215 5987
21 8205 8073 5020 3283 4025 6750 9338 1098 1193 290 6486 3317 6176 7307 6629 8041 7366 3395 9938 6431 1254
31 8386 9441 8166 3560 2430 7442 2322 4334 5514 5068 3742 4612 9466 9906 1244 5972 9959 5152 9902 1662 1461 8534 8960 5539 8139 3248 3569 6875 6469 2190 2493
27 7793 3659 2042 9378 1462 3587 9461 8652 9375 1880 4823 7432 6449 4161 4226 6006 3046 4534 4609 801 5060 8056 2240 6723 9849 6517 6308
25 5503 1051 9039 8833 6983 8950 7232 9078 4315 9231 8325 6263 2931 9098 9264 8221 9011 9137 7226 1463 5686 3664 3072 5960 8374
25 8543 108 5545 8714 721 5416 2358 4190 7993 8458 5202 48 5804 1523 9266 2754 3261 3776 8839 1528 3270 4013 5240 1773 3808
33 8983 9930 4298 883 7950 7466 7032 2763 9910 1708 9012 7077 4113 6226 6924 4838 4656 1391 1511 2447 7292 9671 5399 6343 8198 4499 5853 1582 668 1345 3540 1212 4635
23 9868 2785 5245 1515 8549 6280 4132 4599 7589 5854 6701 3449 1091 8020 1642 9185 861 9421 5194 7170 2035 9686 6371
16 314 874 7724 5910 3785 9970 4243 9587 3787 7749 7302 2621 160 1154 2254 1289
26 7235 5771 9366 1152 3536 167 3759 2657 2973 9367 7557 1084 246 8817 272 8525 3788 3713 9572 4681 983 2383 2405 6887 88 1454
22 3765 3867 1059 4629 7147 4205 2525 1948 6178 6581 1126 9483 2312 3469 963 2510 9705 5633 9971 6974 3059 4235
20 7569 6382 2439 1203 2194 1064 5369 8182 778 4045 58 657 9125 5267 8380 5221 8451 251 4271 5536
29 7397 1276 408 7185 7259 5446 789 7847 6357 7472 8350 4763 6863 6734 8608 4595 9316 4023 4439 342 1043 1379 1733 2336 6799 2177 6737 8945 6632
28 6245 5115 4966 7715 5102 5797 4383 2412 6238 4258 5565 7556 4139 8866 5357 7040 1366 5165 9657 372 8487 3931 7002 5609 6121 9481 3006 7774
16 6600 2637 4566 4212 3390 6508 1142 7626 3927 2245 5437 6254 2380 8618 3517 6202
29 1437 3258 9627 2930 3091 4048 3984 7709 686 1988 8437 292 8480 2087 2333 2929 8119 1502 4453 6476 9944 9807 1075 8208 9512 2976 2514 8402 8114
41 4543 4766 7358 1909 9622 150 4938 7755 6300 400 4888 1096 1218 3637 9135 5600 4423 4332 8373 981 5378 9103 9077 2200 7889 4893 3376 326 1591 8998 5710 8531 3002 3208 1268 7978 4708 2804 419 6216 3767
20 5952 1983 6155 5247 6509 4183 7054 9254 8284 8562 933 39 6147 1845 346 9208 2041 8011 4518 7817
29 9336 6250 308 7597 3304 1132 5235 5700 9153 5045 8591 8604 9651 2066 2998 3495 1416 8822 3342 3052 5625 3691 9399 4584 4360 6074 8891 4871 5392
23 8934 3997 8718 9380 5000 1742 1094 3271 7058 8148 982 5827 6917 2553 1669 2025 2079 2392 8179 752 1279 1981 6625
19 5846 5472 9899 9123 4715 3442 3009 2868 3670 6119 6144 7034 9205 7478 7968 8268 2565 4712 7775
28 6610 528 8239 5439 9851 2281 2477 8398 8993 8894 7290 8814 5427 1721 2967 2941 6949 423 9013 9649 2317 5735 6080 7665 3588 9698 6159 3906
20 6729 5881 5303 8673 6389 1932 5457 6236 987 2060 5642 9409 8361 9541 8428 8408 6801 6281 5836 233
23 3911 3164 1220 6049 132 1300 7327 2642 6007 4444 6612 5894 1830 6692 3463 6373 9605 1481 7902 9905 6533 638 7460
25 1196 6092 3322 6286 2613 6037 1852 2651 9332 6582 3837 6807 263 7823 3325 6124 6689 9016 6201 566 1800 7705 4512 2925 3285
35 5889 1100 3367 2331 1836 1354 8691 3127 7443 8455 5282 6378 1405 8659 4992 2900 1744 96 2193 9570 3662 2653 5495 1710 4202 7578 3754 6958 3252 9679 6169 8164 1943 5559 7272
17 2554 6876 8766 6703 7065 5301 7761 4130 6182 9609 984 4054 3473 1624 3468 2814 7174
28 7031 8017 8820 4834 2201 402 3619 8042 7830 7429 2699 9249 2495 3284 7236 6940 1803 5034 6870 5684 3111 8516 731 8376 2571 7951 2423 7414
25 552 4053 5307 1441 3821 927 3465 8642 4229 143 8279 5962 5648 6170 8996 2460 9508 2612 828 5286 9277 4872 2357 6762 7270
30 4757 1614 8547 9302 4627 4076 7061 91 3156 3310 5768 6026 8886 7212 2564 8029 7217 1190 3621 1970 9373 1381 2356 3725 6467 3653 4353 4354 3305 6142
20 2442 7878 6268 4679 9562 4814 5627 6106 1343 2880 8181 4245 3607 3092 950 7362 4875 3375 819 2436
27 2874 1804 4452 8581 2797 1420 6874 190 3427 6764 7748 2937 7046 5822 2867 8214 5501 4223 7546 8401 4305 5380 5261 5029 5897 3633 119
18 3681 4151 4673 4975 1810 4691 9780 6698 4711 2458 9711 4863 9026 2848 2959 4300 5211 9138
22 4568 227 5237 7790 7176 4950 5739 8794 3113 7829 3255 1563 6777 6886 9132 6011 1181 3943 7517 3214 5864 7839
22 9695 477 4489 6773 7554 1905 9334 4417 8675 1494 95 9232 3109 6039 812 912 6526 2696 5338 176 9245 3358
22 457 2394 4587 3411 7621 4945 4519 1723 9739 381 9596 2975 3891 9981 8403 9230 8735 5866 5586 8682 8959 9003
23 6200 2365 4910 3992 7668 6452 5883 4553 8741 1821 5070 8145 7838 9628 6418 4482 4786 9401 4670 5660 7260 9510 7540
21 8710 3679 2876 9702 7986 7575 7703 5976 6276 4638 4647 4579 264 1894 7033 2741 7783 1086 7453 4061 4297
23 4259 6864 5658 9356 8122 1683 3336 9855 387 7300 7013 9876 7681 8947 8054 3447 2883 2978 932 7220 5926 3652 3366
26 9635 5077 7579 5999 6580 4694 3086 4396 1039 620 5584 7706 7431 840 100 6528 8951 2812 4196 8146 8409 1975 8660 806 7399 9724
25 8870 1531 1805 9492 3716 9059 6553 943 4446 6989 2260 9917 6814 4456 2389 5884 2792 1581 4261 4162 9875 218 1378 4841 8792
23 3534 6275 8025 7304 3989 8655 7135 3834 5905 1457 1088 9469 4570 2192 1164 3976 8869 1729 5937 5021 696 4097 8096
26 4773 6657 3851 9258 3610 4393 9892 8638 3320 8040 7097 7701 799 7532 6114 9160 4180 6426 955 8217 4399 772 3977 7154 7029 9018
27 5934 3746 3671 5308 919 8072 9489 6606 9260 4272 8689 7062 6210 8573 8149 918 9008 4865 5389 4404 3967 4854 6023 5620 7166 8918 3530
23 8434 5653 7742 5598 6341 7660 822 5699 6145 9551 9426 3596 7428 8452 4876 4491 4508 2366 4981 6161 8589 936 9786
31 8977 2966 4156 2144 3680 7383 3669 3486 5759 2725 71 9068 8332 5614 3085 4648 6894 9269 5893 5321 8427 714 8823 8225 4827 6029 9723 5780 937 7966 283
25 910 3264 5483 9967 6790 9540 1095 4093 7028 3791 8153 4720 8787 9595 2151 3389 742 7940 2065 2638 9766 6688 105 3311 4540
19 2152 2482 3921 3385 2815 5520 9816 6309 7369 9583 7503 4281 8558 7211 7971 1090 2073 5788 9514
26 5197 6857 3914 5387 1835 7239 7671 619 110 6708 6847 8260 9526 7846 1490 6204 5394 4470 7139 9948 7512 4336 5575 7754 2990 491
43 5209 3919 443 2126 2435 4289 7455 1089 2595 1104 8231 2685 9216 2408 4379 1128 5332 4179 3635 8605 2761 5006 604 2453 4842 1684 4475 7495 2902 5667 4237 6755 8819 4965 1946 1653 2956 900 7021 7887 9700 5517 6172
24 8399 2649 6520 1542 8494 7209 7776 6321 180 6774 4463 4449 296 2865 6579 2046 1786 4746 6028 6823 7806 2809 9544 6663
33 8678 7496 7871 6402 1499 9147 2673 2233 7000 8976 300 2826 9776 8034 5252 884 5362 6558 3282 8580 9000 6986 6818 5459 6320 2594 870 6843 3107 7688 7690 3952 4644
31 1768 61 5724 2401 7045 468 219 2558 4818 4440 6927 3146 8137 3700 1840 3599 285 2026 2521 8684 9162 5246 7314 7669 2856 7965 2850 5562 2630 3531 8465
20 1746 1924 8919 1275 1243 7944 4350 5856 1668 844 4861 3714 7632 6381 7825 7504 8648 4039 764 6952
31 3899 4769 9732 8954 8865 2298 4514 1131 1412 9223 4231 3151 5597 3228 7919 4011 9381 2484 7994 8030 6126 4308 2002 7904 2115 9886 2250 3112 6086 3729 4287
29 3460 8026 2459 2774 6369 3830 3794 4665 3743 8248 6063 903 3409 2290 9513 1858 4406 5617 8921 1625 1216 759 8259 6853 8326 5101 6769 4959 6932
25 8415 5461 435 2499 1541 1167 3280 753 9448 6945 9002 5957 6760 3594 2639 1394 2515 9639 2269 6366 7730 2498 4775 5717 9403
32 5069 6890 8890 106 4117 743 2680 9415 4194 3362 9655 9844 1726 6433 2739 7088 3978 5385 8171 2700 7501 2597 1705 3355 2706 7322 836 4345 8412 3381 4135 1851
26 9075 7752 1485 2161 5508 7942 7305 4833 1419 1585 7288 2743 6915 2869 9716 7160 6984 4554 5421 614 8104 1183 880 9041 1601 7837
22 49 3306 593 4005 9629 4636 8609 3079 9737 1589 6434 2382 9809 9616 2278 748 8570 5283 1432 6071 7435 7207
23 281 6379 8681 5 5867 7974 6746 7379 174 9883 2009 4153 1045 644 5689 8098 4806 8767 864 5676 2742 3555 5044
26 915 3005 6117 667 791 73 8700 6849 5840 5114 7310 4414 2982 8780 2225 7271 2210 3861 1208 1362 8359 7101 1841 735 4105 3958
24 4238 288 9436 7390 5355 9499 3678 8483 5523 9270 3648 7328 6590 7068 4955 2466 5422 2181 7573 6127 9348 9476 7856 7214
33 5886 2350 7116 3908 4163 7334 2325 2178 3054 8338 3175 2342 2464 1451 6450 255 4596 5494 1478 9275 3624 6662 9715 587 2895 1672 5432 6776 4643 8270 1678 7934 9343
23 3575 6407 7110 4193 3185 8874 239 9833 4985 8752 4081 225 5806 2407 9624 4946 6043 7646 4663 9633 2866 7722 6787
28 1285 736 2963 540 7279 164 1593 1998 4487 5376 5406 2207 6287 7345 4021 6648 5281 6882 1303 8223 361 897 6583 7967 8838 9813 4586 3106
35 2069 3324 8003 3201 2569 2745 9395 9753 5314 4497 1085 3134 907 9222 4835 3456 228 1063 9729 1409 7044 9453 1673 5295 9295 7373 6314 7398 1180 8810 2095 2533 6732 1690 8311
30 1067 4313 1012 2489 5176 1603 7680 1636 245 6448 6624 7932 279 4939 5190 2655 3023 8010 4210 4912 7445 1716 3219 197 7524 4664 2668 9296 2296 9431
33 4503 2755 2640 7519 931 1602 3532 1971 4684 8224 8967 2935 8775 6601 909 1488 3605 2387 538 3276 754 3988 1474 6327 4702 6013 9148 9912 6654 3202 9527 9558 1993
37 498 5476 4169 9227 5669 6748 8083 273 3582 7151 3105 332 9760 4344 6585 3453 2124 322 3896 4159 9486 7389 712 3676 2443 9631 114 9108 1110 5932 2884 47 4532 9613 6573 3668 5738
22 8850 8875 7416 9665 2608 5863 6538 9979 1867 3553 8446 777 3807 9824 8804 8082 7103 7602 4255 7052 3141 4961
22 4944 2535 1737 4976 1360 2028 7816 1214 1371 4906 5290 92 5485 1272 7898 7750 3597 433 4234 5992 11 9950
30 8134 1520 4535 7896 9795 2313 9482 6707 9575 7863 2474 7400 6174 412 6272 4986 5104 7656 7530 2764 8881 7451 7683 1594 4437 390 9765 5678 1615 9556
35 8592 6635 4175 7777 2986 9993 7355 664 157 5994 1401 1914 4918 1853 4199 1918 5212 7425 8186 8571 2684 3615 366 3910 4936 2203 2349 3279 1739 2481 7641 4915 7162 9932 8694
20 5865 970 6816 2334 3912 360 3110 8213 9812 1724 3244 1843 8411 1153 1501 8065 6455 4613 9030 3038
26 5908 89 563 26 678 215 304 36 5253 9548 7336 4040 21 9976 1435 6846 9390 3180 5443 9344 3684 4879 4558 3206 7017 1019
23 4088 3501 8503 9699 3149 630 9477 4282 6344 1692 258 2397 2076 2276 370 5004 7686 9569 3947 2991 4741 1350 2634
25 128 3519 7309 3302 2141 6744 1657 7317 8036 5496 5428 4376 7803 226 1033 6946 3337 1356 6107 1827 6679 6636 8092 6498 4171
29 4808 271 3518 8320 319 1004 8553 9848 6230 1504 5541 5447 8720 8519 4372 2596 3089 181 5386 9934 2737 574 3168 2911 4352 9904 24 6038 1551
40 6959 4067 5125 2409 4672 5502 3398 5222 168 5238 7321 198 1968 382 1866 4148 5540 5095 1496 618 4610 7437 4389 8271 8367 8107 3822 244 1633 661 7998 9637 808 3697 7533 946 7153 4685 6061 4605
24 8143 8261 2253 2519 8593 4892 7596 8507 5352 6213 7237 3445 4429 8457 3475 9226 9319 6700 5792 1497 2566 8716 6273 2953
22 7014 5207 6351 8417 5682 236 8914 9084 7423 6460 2656 9092 5289 4689 1713 3886 5924 6387 9881 7306 6040 5629
29 6595 8513 4239 1969 1430 1787 2989 7199 4623 8087 4843 6384 6376 8707 9276 4525 5239 8028 4149 5554 8827 923 6333 1251 5363 7246 2441 3083 5317
19 8027 8423 901 3341 6162 5704 5028 4669 9547 6315 3193 5750 2819 4479 1881 9863 3959 2523 8077
20 3579 9129 1770 5587 2908 3513 872 7525 305 3441 6228 7146 9935 4233 1945 843 1634 6495 3734 6422
26 5206 2916 8848 9853 2403 9149 8206 5659 392 8944 9771 3925 5440 6388 2045 4359 7780 9667 3708 7234 4331 2338 2149 3116 8385 1199
27 6754 8410 1198 3804 3479 2547 1000 9081 3094 1530 7493 8319 5567 6628 8158 5331 4541 1232 5657 8706 1900 9661 4008 8567 235 5173 9164
15 8851 5031 6994 4395 888 177 8878 8191 2004 5186 8643 9865 6184 8228 4683
26 854 350 6493 1822 1032 3254 6872 5603 8391 9187 8721 1632 9644 1995 5515 4674 2031 8574 4866 7921 7471 5273 6088 202 7063 3818
40 7979 3350 8324 7026 2707 4898 7257 8147 8499 2735 3797 3055 7531 3490 4582 4869 6999 5291 6719 6352 2859 709 1144 855 1552 639 8199 4626 579 7434 5743 6209 1112 205 4762 6008 4224 852 8744 1727
27 6623 2940 1809 5714 7592 420 832 8666 2092 2314 3360 8842 782 7882 9552 5373 2300 488 3809 4225 298 9879 5624 5275 3547 8935 5844
24 6046 4573 6779 5351 8176 2375 2838 6437 7347 4394 93 8488 9107 5890 249 9922 7684 3394 5697 1649 2871 5859 4461 9580
32 8797 5156 1140 3260 5134 1440 0 6820 3494 3622 7620 8686 3685 947 9256 5220 965 2546 512 2663 1781 4645 6494 9567 7189 5131 9449 6101 5085 3424 7010 6479
23 9940 6003 1860 2384 2736 571 4642 2097 9839 7275 9983 3407 2808 2825 7265 5174 650 818 3450 6713 3800 2618 121
26 450 4091 9236 3346 2359 8711 6584 2654 5382 3721 3026 3152 1358 210 9196 1886 2112 6035 6923 3032 1355 5607 9472 6489 4963 3580
34 8781 896 6925 2135 9664 5998 5811 2643 6674 1389 6728 8761 838 3920 3512 4700 2658 887 1654 7733 1578 1741 2270 469 7140 3523 8209 8393 4907 3426 3081 3529 6942 447
44 5511 5153 5058 4495 62 3881 7149 7086 6244 1222 2142 3544 5168 6740 7131 8892 5137 8436 9217 6977 9040 9387 5531 3971 4310 2344 7127 9511 5558 5873 8622 3257 7252 1878 5408 9978 6943 7119 4291 41 2444 5374 9731 5638
26 7694 6699 7988 4969 6559 3330 3277 3484 8665 7949 5200 4092 1176 6100 5971 8662 2676 2543 1334 4253 9759 2530 7492 9418 4131 3595
27 1407 4937 456 1414 7605 9793 5963 6375 3028 2882 4598 2845 5716 3889 9177 7099 9617 222 5003 6792 5858 3564 770 9383 3474 7470 1027
22 7689 6935 1547 4356 3865 9704 7645 9677 1163 6310 4425 8095 5702 787 3614 2781 4881 1399 7537 7654 2585 3857
